"TG";"PIBc";"INT";"DEmp";"INF";"TJ_POB";"PEA_POB";"MIG_POB";"pais"
7.961425988169;8.41870505273257;62.4;13.62;1.45073158124514;-14.1778792119288;-0.383376276976525;-0.00339938965503921;"Albania"
7.20530104487081;8.57313123436743;65.4;12.3;1.47295348748196;-13.7699467833978;-0.384683900177829;-0.00317683374407265;"Albania"
10.531019365701;8.59345292063218;68.55039112;11.47;1.25702482876329;-12.2252416687804;-0.387168047326137;-0.00311436760889513;"Albania"
10.3364708709667;8.58354962864176;72.23767711;12.833;0.696542442312051;-12.150506727701;-0.38999020203222;-0.00321264450645542;"Albania"
10.413644752957;8.76048489394009;79.32371752;12.59;3.45443198973012;-11.5911912101653;-0.3932789593778;-0.00377427475382922;"Albania"
10.4901535897695;8.32722715064226;47.69105515;12;6.39065471422123;-14.699194137389;-0.436182606775902;-0.000886024801401654;"Algeria"
9.86523049491767;8.33610057218239;49.03846808;12.145;6.75721524154756;-14.9123834061111;-0.444390010844241;-0.000864049274969711;"Algeria"
10.8390582261105;8.29953040972036;58.97757455;12.275;-0.472073341295342;-15.0849285347952;-0.451419429855394;-0.000852024035947893;"Algeria"
10.7101689776315;8.11795460732616;63.94999611;14.036;-5.02598504788905;-14.329063213842;-0.456725025373053;-0.000432595610948496;"Algeria"
11.5061117039349;8.21617314833494;70.77;13.729;15.5674826470622;-14.2025394022098;-0.460355557558838;-0.000425483570781626;"Algeria"
12.2258364975648;9.58966926198835;74.29490687;8.35;26.0063792819079;-12.6807371796227;-0.442190631192927;0.000111840643384756;"Argentina"
12.9478466912127;9.37544478956598;77.7;9.22;42.0336689575031;-12.3797675720871;-0.440878413185895;0.000105406281432254;"Argentina"
14.6169423802552;9.20670117429343;79.94695203;9.84;49.1955790596612;-12.1360132303839;-0.439127510525419;9.96468256589107e-05;"Argentina"
13.6835118644419;9.04792001862025;85.51438646;11.46;40.0830878011993;-12.0064931976016;-0.43670584891343;5.16563951465643e-05;"Argentina"
14.3951822856474;9.27339596228087;87.15070683;8.74;53.8404499043736;-11.6919506242017;-0.433535068081557;5.11692668651251e-05;"Argentina"
9.54395495797184;8.30449367852952;64.74488433;12.914;2.15064189848613;-13.4772097004345;-0.375645636853382;-0.00923096451061266;"Armenia"
11.0776713371225;8.38752251261662;68.24505226;13.21;2.78770951425761;-12.0248882066784;-0.383146418159819;-0.0091078726780389;"Armenia"
10.197870995562;8.48229215137001;66.54394969;12.2;1.06562263923419;-12.549875802315;-0.390507522744502;-0.00899205205129969;"Armenia"
11.6357042676428;8.41313576897619;76.50770055;12.18;1.80659270159933;-11.8026083915206;-0.396771389275668;-0.00457120167892307;"Armenia"
12.0123800629738;8.51173496307698;78.61225758;10.01;6.90051365853486;-12.5393161038236;-0.402987504698721;-0.00459517000158368;"Armenia"
14.7641445768501;10.8958973692491;86.54504885;5.59;3.65123280881308;-10.6193607201542;-0.41959916003267;0.00995726842575495;"Australia"
15.2621708698011;10.9555936750371;90;5.3;1.87881043499081;-10.3736217021099;-0.422341369072966;0.00882525029385187;"Australia"
15.749356860565;10.915989365912;93.60991916;5.16;3.46372273602202;-10.200747389314;-0.424806863914797;0.00930971461970964;"Australia"
14.7656344198401;10.8564620814804;96.39446689;6.46;2.11382544142691;-10.3446414250778;-0.427332256911725;0.00459775662818653;"Australia"
14.9763767349828;11.0136535960485;96.24;5.12;3.07877416395633;-10.5046554060874;-0.429898447103751;0.00459128317661403;"Australia"
12.0924270700188;10.7669924758603;87.93558659;5.56;1.0055341594591;-11.620537797814;-0.400699535250336;0.00518018279146755;"Austria"
12.4500996124275;10.8486874885895;87.47913723;4.93;1.83806444755734;-10.7799206119197;-0.40321161693238;0.00400474134952001;"Austria"
14.8521634181077;10.8211290861984;87.75220479;4.56;1.60787622974401;-10.6714269371292;-0.405792473193578;0.00462898314399229;"Austria"
13.0172346793192;10.7952703606866;87.52942813;5.2;2.71949516223945;-10.9535988659849;-0.40876025272722;0.00227815518998608;"Austria"
12.9896593224416;10.8877712779371;92.52915104;6.46;2.06821009880306;-11.3349827556131;-0.412892354203773;0.00226825150235094;"Austria"
8.05091381851054;8.33018823878237;79;5;16.1724003104411;-14.157481221919;-0.362530723744748;0.000120153849697885;"Azerbaijan"
8.85868281984923;8.46374901972665;79.79999549;4.9;12.1848769569655;-13.62714789035;-0.364378430247351;0.000159259202249227;"Azerbaijan"
10.3971961116522;8.47756917021831;81.09999907;5;-0.241307927446329;-12.2493199964942;-0.366071830841597;3.91050412283851e-05;"Azerbaijan"
10.7283436848336;8.34993614866002;84.59999573;7.24;-7.39596582740913;-12.6010041360399;-0.366662068562104;0.000107399881562898;"Azerbaijan"
12.3360930317789;8.59564300373613;86;6.04;21.5888241949245;-13.3591879157744;-0.365882096390591;0.000106927079480161;"Azerbaijan"
10.4101545411533;10.100283427072;95.87813575;1.192;5.51968542033678;-13.4986289653881;-0.258217698515332;0.0199226541939576;"Bahrain"
8.67723846394576;10.1431281413446;98.64467258;1.198;4.36006188422726;-13.1138875589233;-0.257863201538371;-0.00242110075705622;"Bahrain"
9.60773903360616;10.1608049844068;99.70150438;1.22;0.0832617803389297;-12.6076555610041;-0.261578393827828;-0.0114624130296857;"Bahrain"
11.1071503088021;10.0619085545276;99.67103159;1.786;-6.06707692867674;-11.9032559536608;-0.267827940806243;-0.0329726038245134;"Bahrain"
11.1247813781077;10.1980212262525;100;1.548;10.5287503300377;-11.7112741484662;-0.272673602257809;-0.00625313938350196;"Bahrain"
6.8412414749238;7.50417692258322;19.8;4.37;5.04759735390982;-16.5992491635836;-0.41403996596345;-0.00108628897923534;"Bangladesh"
6.39692965521615;7.58243930577073;23.44;4.373;5.80552697003698;-17.1216885719766;-0.406726564518746;-0.00197563648845784;"Bangladesh"
5.29831736654804;7.66015126320163;27.76;4.376;3.65816796352436;-18.9245797661048;-0.400487925377509;-0.00207867238535689;"Bangladesh"
11.2080180172533;7.71123823363445;32.87;5.316;3.84104472379904;-15.5687260335185;-0.394749844028799;-0.000365270891335458;"Bangladesh"
11.5771808522792;7.80707238621535;38.91744466;5.246;4.1211747067957;-15.118873651779;-0.389790042796464;-0.00103037235986052;"Bangladesh"
12.9583630924176;8.66311593912548;74.43644541;5.65;8.62353504522142;-11.8880887943854;-0.388609167055409;0.00168485236635755;"Belarus"
12.6347284258726;8.75779200549312;79.12988669;4.76;12.1392366758709;-11.5605281518808;-0.394667448992182;0.00166663400003284;"Belarus"
13.1333991189861;8.83021668857347;82.78915209;4.16;8.57690850921516;-11.2708282134193;-0.400901005831136;0.00160110270348771;"Belarus"
12.6958835895611;8.78613035159011;85.08791245;4.05;11.8778791076959;-11.4096943045572;-0.406352446513714;0.00144872809583674;"Belarus"
13.3225178123542;8.92128655206075;86.88841196;3.9;15.3264151844105;-11.6513537218174;-0.410520387655642;0.00139326864522066;"Belarus"
12.5504676992982;10.6964457324281;87.67968082;7.09;1.83027279601211;-11.484768478017;-0.438932192575245;0.00494481043691877;"Belgium"
13.6873819383275;10.7694315134497;88.647343;5.95;1.54983152485374;-11.3098518371582;-0.44179440347806;0.00485155666543625;"Belgium"
13.8786402371499;10.7502507286132;90.27542801;5.36;1.76809741631743;-10.9535939649794;-0.444508745501357;0.00473453692146735;"Belgium"
13.0960183343024;10.7278604210481;91.52641629;5.55;1.59949112109568;-10.9628914746414;-0.446304511731681;0.00463036949703794;"Belgium"
13.1935303691115;10.8561178738795;92.78867618;6.26;3.17198189564809;-11.0503891035458;-0.447931951502145;0.00451882606843748;"Belgium"
7.65361349845475;8.09560120562466;43.83227607;3.65;6.06139996218435;-15.559088815074;-0.466871806726508;-0.000845522460562179;"Bolivia"
8.91736967269173;8.15220001835189;44.2861422;3.52;3.05626575345299;-14.8808163764813;-0.461954114229614;-0.000805124191160348;"Bolivia"
12.2421722912927;8.15259575621801;47.47481911;3.68;-0.693003271755344;-13.883790508717;-0.457197321908172;-0.000762312972014419;"Bolivia"
10.3688890456801;8.02904597591008;59.94010155;7.9;-1.8543866829455;-14.3491730246643;-0.452249182212643;-0.00039091292494187;"Bolivia"
12.2480347898326;8.11522884914913;65.9773785;5.09;3.95611966353432;-13.3112857673524;-0.446789382320698;-0.000386275161695809;"Bolivia"
12.7637396787331;8.58061714869955;64.89202051;20.53;1.77870702677497;-12.4860405206945;-0.372732835251644;-0.00891533700171539;"Bosnia and Herzegovina"
12.3577564995286;8.7035886303051;70.12013504;18.4;2.79162490401892;-12.5544172802551;-0.380193122964604;-0.00857438056026698;"Bosnia and Herzegovina"
12.4242237151211;8.71517889294262;69.94634763;15.69;2.47150468459363;-12.0832241375302;-0.388186786868244;-0.00828634178898453;"Bosnia and Herzegovina"
12.0359453160113;8.71524114375189;73.21175294;15.87;0.0621425496305932;-11.7961195815973;-0.395518378536144;-0.00809334117243605;"Bosnia and Herzegovina"
12.6851008059216;8.88602181653382;75.67620138;14.9;4.8603338005645;-11.9560664427816;-0.401411052727712;-0.00790750557255201;"Bosnia and Herzegovina"
15.0406071752596;9.19995855644242;67.47128452;12.79;3.67138451275035;-12.5247900022466;-0.359191003275748;0.000270314912412635;"Brazil"
15.1381011081458;9.11833702798693;70.43428254;12.33;4.49353433137021;-12.4541067291692;-0.358754527513248;0.0003232388142831;"Brazil"
15.6677581330242;9.08764425366942;73.91243991;11.94;4.22425886899158;-12.0735232968335;-0.358684628687809;0.000326683633036661;"Brazil"
15.6147942375257;8.84270557505766;81.34269353;13.7;6.47249960755747;-12.1276013940017;-0.358469782319197;0.000266796369978346;"Brazil"
16.1827579016286;8.94855796611284;80.68989314;13.16;11.3840611656746;-11.9064534160813;-0.35841549640604;9.5070027898546e-05;"Brazil"
14.7855843667435;9.03382767260061;63.41010138;6.16;4.81312048422326;-11.2078636526585;-0.435544793243935;-0.00191635126718728;"Bulgaria"
14.1417747550997;9.15352193647037;64.78201069;5.21;4.23460549792284;-11.159820854086;-0.441078892590136;-0.00172454607712386;"Bulgaria"
14.6489271955703;9.19769438004261;67.94698094;4.23;5.23925655379578;-11.3036046874094;-0.446475280807357;-0.00163982108905394;"Bulgaria"
13.3598335074388;9.22506566033953;70.16248359;5.12;4.26010568588524;-11.3699229338044;-0.45073696674131;-0.00142803267659502;"Bulgaria"
13.5692111164468;9.41077537453859;75.27144583;5.27;7.13449171826458;-11.2112016106098;-0.452805829221349;-0.00126727619802019;"Bulgaria"
14.9097667727037;10.7172898470086;92.70137191;6.43;2.57101465425282;-11.0475909459361;-0.399769315865061;0.00988566608244095;"Canada"
15.4966675222099;10.7482530322415;94.64;5.84;1.6511181981862;-10.7676108025197;-0.404141948020668;0.0112767584716657;"Canada"
15.9149924891138;10.7444975302381;91.91289669;5.69;1.54607075438069;-10.5580606685482;-0.408642653765082;0.0104229037188411;"Canada"
15.2110660099908;10.681950494473;92.3;9.66;1.07081026807496;-10.7045257313676;-0.413801589395872;0.00513537368189988;"Canada"
15.4940691281203;10.8688579273443;92.83401664;7.53;7.66486542253131;-10.8139485285183;-0.419381275788461;0.00510590847218074;"Canada"
12.2834412887705;9.61807346793637;82.32748693;6.95;4.82819188168904;-12.1514410124322;-0.371495681948383;0.0116882761250368;"Chile"
11.9534475014937;9.66903234986022;84.9;7.21;1.59019973757384;-11.97342699446;-0.370634178182916;0.0126919570407642;"Chile"
12.1709711845961;9.59101336690296;85.01758384;7.27;2.57259820881472;-11.9662349930456;-0.370366415261708;0.0120886673142682;"Chile"
12.5653766354968;9.48598413341914;86.37099516;10.94;9.63741365433609;-11.7649966808892;-0.371273082640274;0.00510038307664927;"Chile"
13.3143319022099;9.69527003764426;90.19336882;9.28;6.79784123203009;-11.4674554301254;-0.373067052276528;0.00583326972135491;"Chile"
16.7788596036743;9.08444212784121;54.3;4.47;4.23268197592985;-13.7825512821155;-0.347446736454418;-0.000129343976393321;"China"
16.945249015599;9.20083598636549;59.2;4.31;3.49974763599464;-13.7768866488554;-0.354828134355007;-0.000211493056545667;"China"
17.0282706586566;9.22462389706668;64.0808813;4.56;1.28670040643908;-13.7824937907201;-0.360734985079538;-0.000214960095755979;"China"
17.0060539924803;9.25039915251705;70.05275998;5;0.492493917873077;-13.6811645301981;-0.365620297389171;-2.384593579477e-05;"China"
17.758047141341;9.44284042274123;73.0532414;4.55;4.55232657954579;-13.4601534266476;-0.368426950240886;-0.000141744314480727;"China"
11.1456251280895;8.7718309116806;62.25988032;9.09;5.13373589963344;-14.2928139581006;-0.371505710053168;0.00859573188277195;"Colombia"
11.5110342778026;8.82203291398991;64.12637682;9.36;4.63057967327826;-13.9993951405642;-0.367450659829742;0.010032355688493;"Colombia"
11.0035642684071;8.76974162482325;65.00690072;10.28;4.0026205429363;-13.7239414914607;-0.364305009420812;0.0078865004499336;"Colombia"
11.5491090707785;8.57627104185557;69.79533474;15.98;1.48021450852436;-13.5264679918331;-0.362329079378676;0.00450488941219731;"Colombia"
12.577510194024;8.72951149639696;73.02837449;13.9;7.66762201531672;-13.3385732983707;-0.361194855351973;0.00411475439684814;"Colombia"
5.73544262738407;9.40245825641372;71.58166462;7.73;2.85888372957956;-14.7305689307959;-0.373103045413689;0.000840234833220594;"Costa Rica"
7.6456654780156;9.42409195266906;73.47972844;9.01;2.1924784282276;-13.6413027951364;-0.372990278782933;0.0008328152209579;"Costa Rica"
10.244907173501;9.44694027156336;81.20259644;10.81;2.56679211775625;-12.0744177178446;-0.372951569254997;0.000816987679495379;"Costa Rica"
10.2780318346026;9.4074895109549;80.53018608;16.43;0.772593246751626;-13.3698297168347;-0.372786394694477;0.00040678455741196;"Costa Rica"
10.0444587634513;9.4417733776295;82.74901607;15.14;2.37413082567939;-12.6220619830689;-0.372205521779863;0.000404349512423173;"Costa Rica"
12.4101959737902;9.51725538919628;67.09619204;11.21;1.16593721117815;-11.2071111835821;-0.422636295041035;-0.00331043699271505;"Croatia"
12.5748688245796;9.61847105217363;75.29462599;8.43;2.02833474717856;-11.394886608551;-0.429010353188174;-0.00322199262545063;"Croatia"
12.5768120693552;9.62383336373648;79.07978368;6.62;2.00508096122299;-11.0748518112582;-0.436066062420001;-0.00306991963353818;"Croatia"
12.2014388259522;9.56590832326991;78.32090004;7.51;0.750835156747897;-11.0705197090498;-0.442600509882211;-0.00286386275594909;"Croatia"
12.9087443484779;9.78746104522401;81.25396608;7.61;1.50774985934781;-11.1106449358757;-0.447983161804823;-0.00268161897396236;"Croatia"
12.7600448239318;9.93480209181338;78.71917285;2.89;1.30694431650136;-11.1069355021688;-0.424663580081875;0.000265139123000201;"Czech Republic"
13.5662610933205;10.0615369279999;80.68816754;2.25;2.56757397075347;-10.9534373032988;-0.433368108915119;0.000300378328056408;"Czech Republic"
13.3006246021956;10.0717460135477;80.86694441;2.02;3.88895344602105;-10.6696931194891;-0.441362175957811;0.000377628288200662;"Czech Republic"
13.3788483464818;10.0429398549489;81.33889705;2.55;4.31840283925935;-10.3536716151927;-0.448268888975323;0.000338478974015172;"Czech Republic"
13.9608625598458;10.196996895403;82.67062427;2.8;3.32780959196783;-10.2981384652421;-0.45343023072798;0.000344667674112859;"Czech Republic"
15.4330931165382;10.961453146945;97.09936216;5.83;1.18466161152733;-9.60888754943874;-0.445182494441087;0.00402221690274728;"Denmark"
16.1783663033114;11.0282861160978;97.31920437;5.13;0.747856838144173;-9.50153290372483;-0.447338117707572;0.00402804042228404;"Denmark"
16.1030908853941;10.9952930724371;98.04643475;5.02;1.04879424424314;-9.31245367829462;-0.449292525314727;0.00400813700828732;"Denmark"
15.3008679300187;11.0159467358001;96.54914573;5.64;2.92632531177568;-9.39461946172353;-0.451232880305344;0.00395719452811021;"Denmark"
15.5532865613959;11.1457477278319;98.8658506;5.04;2.85668370046885;-9.63506750837446;-0.453089542335837;0.00388373518137159;"Denmark"
12.5068617073816;8.92445641285663;67.57124533;5.83;4.18137503365021;-14.5713737248537;-0.428067606849193;-0.00282279620904715;"Dominican Republic"
11.3502719381794;8.98056982693195;74.82204836;5.86;4.12148968696981;-13.7069533642972;-0.42656681485176;-0.00278146985968458;"Dominican Republic"
11.0074997354971;9.00863349194216;79.71545398;6.18;2.52561865647056;-12.5137303082604;-0.425521154748088;-0.002741253764744;"Dominican Republic"
10.4756155918939;8.87737009274402;82.19830578;6.13;4.72350401957794;-12.8460794548551;-0.424469908464113;-0.00136058701429425;"Dominican Republic"
11.2488350415472;9.04508235801219;85.24298638;7.7;7.77715811136834;-13.0885703355834;-0.423543605629353;-0.00134612079127006;"Dominican Republic"
9.23634821683026;8.73976125751929;55.8;3.84;1.94639824444045;-15.0212983541955;-0.431723797835637;0.00295616970386916;"Ecuador"
9.35818521171856;8.751687977122;57.5;3.53;1.81887357109554;-15.5510330710328;-0.426067980431278;0.0090135728991485;"Ecuador"
9.23501737468862;8.73765445531956;59.2;3.81;0.495450027557041;-13.7783704344381;-0.420634672515464;0.00413987986443524;"Ecuador"
9.76845274463471;8.63856077970787;70.7;6.13;-0.399099295795224;-14.2848659657963;-0.416032674150151;0.00204075425012629;"Ecuador"
11.3419419885308;8.69368660931229;76.20289766;4.55;2.57933093464713;-13.5165280420006;-0.411579509914174;0.00201677325606059;"Ecuador"
8.81710220918754;7.79973991016444;44.95020425;11.77;29.5184798346035;-15.9535097435956;-0.477414522880074;-0.000228717363517646;"Egypt"
9.66741642401594;7.83644880864372;46.92433677;9.86;21.1748208164536;-15.6848169788253;-0.477711507521568;-0.000588486117294392;"Egypt"
11.3952584225864;8.01210386220507;57.2828664;7.85;13.6180959109963;-15.1795088563154;-0.477592093761167;-0.000565382989907154;"Egypt"
10.8686114952722;8.1807568879732;71.91420096;7.97;6.17693409847963;-14.9091580795842;-0.476728505815648;4.1650718083132e-05;"Egypt"
12.8048479634285;8.26532153607062;72.06;7.44;4.84715643244118;-14.5019276696028;-0.475225471622011;-0.0002962598823538;"Egypt"
13.0425546173629;9.92513971234973;88.10245687;5.76;3.59036501479098;-9.82847863293931;-0.442314293679729;0.00404513794003874;"Estonia"
13.4406108908978;10.0504344679595;89.35700777;5.37;4.83777941523971;-10.1628132686361;-0.446974377932489;0.00546832509188889;"Estonia"
13.8243740310748;10.061537109313;90.2289282;4.45;3.20705842626813;-10.2697130487617;-0.451563175814212;0.0040771785020401;"Estonia"
13.040765676355;10.0688004318734;89.05828666;6.8;-0.531509461698576;-9.74362121041299;-0.45644801064786;0.00225268931239949;"Estonia"
13.6833902721173;10.2379470943268;90.97970174;6.18;5.99690607967077;-9.5266790281623;-0.459510477761997;0.0022503027953344;"Estonia"
15.2047788425867;10.7453162660327;87.46892907;8.64;0.819262897258781;-9.60554892804657;-0.467510612701796;0.002415846588386;"Finland"
15.8421097363317;10.8195307769528;88.88996;7.36;2.00183627649704;-9.62318004747944;-0.472946896947774;0.00211149437270251;"Finland"
16.1162889228075;10.7919929880801;89.60738511;6.69;1.49655419230197;-9.56317397834357;-0.477020576448664;0.00281765848559278;"Finland"
14.4474419044763;10.8030332524143;92.17027106;7.76;1.63467899810999;-9.45950763983522;-0.480480995303245;0.00316156326119536;"Finland"
14.8132962593921;10.8875246607806;92.80806082;7.61;2.39795719237752;-9.61689197184251;-0.483212881056912;0.00269409027259797;"Finland"
15.1730677460878;10.5656869910164;80.50245972;9.41;0.521577263305687;-11.2987586909426;-0.476175610239804;0.000196882693181896;"France"
15.687919449239;10.6348418283586;82.04318678;9.02;0.9922245663778;-11.0415580511744;-0.480387676956796;0.000214284603903598;"France"
16.1865643852427;10.6089312771014;83.33974409;8.41;1.27859214632949;-10.8255526403827;-0.484151452511725;0.000258250723300132;"France"
15.5472401888738;10.5759151641573;84.70640914;8.01;2.83987619551208;-10.9777015913363;-0.487136753119898;0.00027134378603565;"France"
15.6338345403417;10.6844466073306;86.09548575;7.86;1.42394826984793;-10.9489975552355;-0.489335369244573;0.000304201456861418;"France"
8.35611557566777;8.37952250457838;59.7055046;13.94;8.49104666870355;-11.7991790175732;-0.420142968493862;-0.00211534107796022;"Georgia"
8.24272476626848;8.45999670175195;62.7179082;12.67;4.36110904352958;-12.5660438048234;-0.426617746996424;-0.00138841593120069;"Georgia"
10.0382413227527;8.4544984277647;68.84671356;11.57;5.19239145340818;-12.0382350515244;-0.43241223262983;-0.0014553133587498;"Georgia"
10.8695255142557;8.35602464226497;72.53157487;11.73;7.28127821019069;-11.9944698514482;-0.437089485915862;-0.000734410038262387;"Georgia"
11.2845922204637;8.52183726771898;76.44271451;11.851;10.2540892898094;-11.8680711632856;-0.440849818249863;-0.000737203426620756;"Georgia"
15.4231367682567;10.7066675728042;84.3941537;3.75;1.50373898915133;-11.5506109114918;-0.426209651921161;0.00521193594705987;"Germany"
15.334814049416;10.7776904533997;87.03711209;3.38;2.00749244131613;-11.4219709857548;-0.431102482768088;0.00473533920710138;"Germany"
15.6439267510042;10.7537482714651;88.13451691;3.14;2.13030905148273;-11.1487326285876;-0.43648033917458;0.00433923633628562;"Germany"
15.3071042498702;10.752558330975;89.81294133;3.86;1.87258564805592;-11.0855860370922;-0.441848276527468;0.00401697331909859;"Germany"
15.4148726372501;10.8479137511892;91.43060973;3.64;3.01963807375267;-11.1736626018691;-0.446967803529167;0.00375901133224093;"Germany"
12.0217452784431;9.82995345713088;69.89297065;21.41;0.285406259345564;-11.605883994985;-0.44302127203543;-0.00233024156276538;"Greece"
12.7540351974922;9.8912626548569;72.23837339;19.18;-0.165244042297104;-11.3367924073534;-0.445813419678046;-0.00219885022494424;"Greece"
12.2922330021714;9.85973875919166;75.67120669;17.04;0.226845195063973;-11.6338923857452;-0.448658598526254;-0.00201285593861055;"Greece"
12.1173819137588;9.77663617063144;78.11584474;15.9;-0.751947346018426;-11.6109123777766;-0.451909095316347;-0.0016687231664632;"Greece"
12.0297726029759;9.91890225715547;78.49426371;14.66;1.48532025418626;-11.5987443528768;-0.455207445385656;-0.00140086195681474;"Greece"
7.96712072082215;8.40156335060452;37.9;2.46;1.7479141087134;-14.3963234564122;-0.504864200834363;-0.00298674405053689;"Guatemala"
8.23039872492571;8.4086614605333;41.5;2.28;1.27161217513023;-14.6636417445082;-0.497736019192406;-0.00347979286655921;"Guatemala"
9.52660407035909;8.44415089089614;44.40104984;2.19;3.56578287211866;-14.6792456049863;-0.490824122835177;-0.00349885021861565;"Guatemala"
9.98472185766764;8.43596084887221;47.51234167;2.88;2.87326020166152;-14.3377705395833;-0.483358261646365;-0.00137273359115637;"Guatemala"
10.4216478119777;8.52307139186256;50.84164945;2.17;2.69350246182233;-14.3525737076443;-0.47529997625955;-0.00170183706993663;"Guatemala"
11.7770798185794;9.5902305173754;76.75054712;4.16;4.02970505144422;-11.5640647367442;-0.405515170834728;0.00184348821808331;"Hungary"
12.7600588743339;9.70657232607364;76.07436064;3.71;4.847425391946;-11.2996058147842;-0.410794835988451;0.0032710133144236;"Hungary"
12.3585821221771;9.728313211829;80.37169361;3.42;4.78502518079389;-11.2429135393602;-0.417957122149836;0.00343450166157668;"Hungary"
12.3442458482657;9.68816393372756;84.77115202;4.25;6.40166854073203;-11.0558405224949;-0.425481233905539;0.000927370443261944;"Hungary"
12.4358760904386;9.83911152194846;88.64083466;4.05;6.44509799276666;-10.9827101407632;-0.43037297413785;0.00204636694685862;"Hungary"
9.59432576726608;11.184562346837;98.25520119;2.74;0.936992856331969;-9.45081436144118;-0.408993457041763;0.0242166569598136;"Iceland"
10.7589867611666;11.2179124409458;99.01095399;2.7;2.63161215080015;-10.000843932898;-0.404820330325132;0.0187428590869271;"Iceland"
11.2136400668885;11.1338914996214;99.50494117;3.51;4.4567758015221;-8.96678058123132;-0.402907110343287;0.0142887650701819;"Iceland"
10.2131757052505;10.9827202325389;99.5327519;5.48;4.01484544334625;-9.44435701024654;-0.404686342323861;0.00702117266954645;"Iceland"
9.78437513364128;11.1376535820946;99.68701957;6.03;6.49643050909326;-9.88360702746915;-0.408783180649;0.00166970900891227;"Iceland"
11.3677249955804;7.57966340586006;18.2;7.728;3.96925792751712;-15.8965748060123;-0.410020238901313;-0.000162204032433481;"India"
11.8815545822133;7.58800855502788;20.08130004;7.65;3.88424027914405;-16.2170672325462;-0.405591287421892;-0.000410198425043102;"India"
13.606589375085;7.62567497150719;29.52351142;6.51;2.4055171623353;-15.5221489667381;-0.401463976341025;-0.000429101170798129;"India"
13.2797945220469;7.55654282577528;43.40544313;7.86;4.7465489289995;-15.3467270970726;-0.397268594948825;-2.49014040072857e-05;"India"
13.658899203158;7.71339469788718;46.31;6.38;8.53852548308286;-15.0811899946992;-0.392895274651786;-0.000214533785956687;"India"
12.2506114043167;8.25317167386041;32.33580625;3.78;4.29267812199525;-14.3244432667683;-0.397236684178818;-0.000148514822287395;"Indonesia"
13.6881497225189;8.26941408024611;39.90463864;4.39;3.81832356943335;-13.5169055018971;-0.395455068877449;-0.000149318423627751;"Indonesia"
14.5613595090434;8.33115936572854;47.69064898;3.59;1.59848849984144;-12.8670367657492;-0.393876776408352;-0.000150480625108543;"Indonesia"
14.8028270370992;8.26760764969274;53.72649449;4.25;-0.401651435218994;-12.8250098048035;-0.391983226418959;-9.19561048734381e-05;"Indonesia"
15.1810525607362;8.37429601534021;62.10447842;3.83;6.00342133702488;-12.7865553259075;-0.389436020391056;-5.47646584327852e-05;"Indonesia"
5.94437293957413;8.65844805841909;64.04397362;12.23;13.0353311671579;-16.0550975841929;-0.359936718085553;9.12252892358797e-05;"Iran, Islamic Republic of"
8.62989668132932;8.25602353887808;70.200565;12.19;31.6411842965085;-15.1299067676911;-0.36564106561368;-0.000350173484267165;"Iran, Islamic Republic of"
10.3938065452534;8.09460835293801;72.45090477;10.74;30.5348662272656;-14.3061050026944;-0.369779080415232;-0.000399368320867788;"Iran, Islamic Republic of"
11.8504324517671;7.91805333619768;75.56986637;9.69;44.2649836337424;-15.5766984766276;-0.372515919699169;-0.00179480643375368;"Iran, Islamic Republic of"
11.4856841672394;8.31488122430969;78.5957366;9.28;56.3196546439665;-14.6030974486706;-0.373765593000412;0.00031936878897084;"Iran, Islamic Republic of"
10.3710068483796;8.46066380699139;26;13.02;14.6503597888451;-15.1922888344325;-0.558951893564022;-0.000249841233833576;"Iraq"
8.58649908057471;8.63078381759714;33.9;13.449;18.2039920993937;-15.3218249569572;-0.553948237066814;0.000164076993005787;"Iraq"
11.1480700088392;8.6342971867845;44.32634655;14;-2.67444003466784;-13.9051472577062;-0.54863109050197;-0.000718899650462713;"Iraq"
10.5328756414577;8.35498886012798;45.7863696;15.746;-11.2201961826371;-14.4753120824667;-0.542808336046743;0.00168101668106932;"Iraq"
12.5860552825252;8.47027669281562;48.91718718;16.17;37.4648178139789;-13.9781255152837;-0.536668965055584;-0.00138047418646272;"Iraq"
11.8209882328987;11.158401591759;84.11400706;6.71;1.25108346816501;-11.9844670775797;-0.425366292738936;0.00607398445892031;"Ireland"
12.140653523444;11.2828446452132;87.00014011;5.74;1.12003223626651;-11.3037086515456;-0.42600459963837;0.0069128447793404;"Ireland"
12.3544088971412;11.3003298617179;87.00005524;4.95;3.35541152264082;-11.0422816308371;-0.426192742670716;0.00590007984857144;"Ireland"
11.9805356071096;11.3617896017012;91.99989097;5.62;-1.23404262978538;-11.2173279689409;-0.426517467428614;0.00307298417653853;"Ireland"
12.0470838893964;11.5327457220046;95.16956667;6.19;0.477482551429404;-11.4242261849345;-0.426825245083747;0.00304381101033068;"Ireland"
13.0669377038554;10.6241229880939;81.58118359;4.14;-0.0338664330484306;-12.0485355192059;-0.50431014533748;0.00166618847049912;"Israel"
13.8334856044869;10.6550650769235;83.73315696;3.92;0.783950865361831;-11.9220899366765;-0.507229816375378;0.00175789165578421;"Israel"
13.4968850370907;10.7021704660544;86.78787762;3.73;1.83647019726104;-11.6749117851244;-0.509577047843872;0.00178175392091893;"Israel"
12.5607221346194;10.7110073285955;90.12734091;4.17;1.0414184276851;-11.9588165569934;-0.51154282011638;0.00179802715108897;"Israel"
13.173401812318;10.8614865924939;90.29689758;4.81;2.12829471719861;-12.181972045166;-0.512493431466553;0.00179866402031714;"Israel"
13.0685425335584;10.3861210974025;63.077347;11.21;0.726343220957816;-12.4938104818456;-0.445585495743082;0.00116416966108944;"Italy"
13.2287283724038;10.452249497664;74.38718292;10.61;1.06813204686947;-12.5186971614081;-0.446571275944997;0.00125555760044064;"Italy"
14.0303137933355;10.424473909655;67.85071029;9.95;0.938114135013862;-12.3759004911755;-0.448192062346401;0.000361884020951201;"Italy"
13.668806534507;10.3710794998452;70.48342785;9.16;1.57917145706057;-12.2202860187526;-0.449888546707203;0.00047142566736359;"Italy"
13.9626606795354;10.5036763898384;74.8623274;9.5;1.27786079243741;-12.0781914678181;-0.451491519814566;0.000473862615151736;"Italy"
13.7343161748671;10.5670527936405;91.72654724;2.82;-0.0743495037290671;-13.1582189371296;-0.525347835588741;0.00129217465267933;"Japan"
14.8661847348632;10.5903936252931;88.74635089;2.47;-0.00023750638760589;-12.7393144927203;-0.530046942895585;0.00139948427186916;"Japan"
15.1146981166326;10.6069799553989;92.73039781;2.35;0.63480316569607;-12.0887257858027;-0.533614380504805;0.00145264662449756;"Japan"
14.9414073169679;10.5976533517677;90.21945812;2.81;0.941449700794308;-12.0126795812965;-0.536124383070974;0.000693674214523883;"Japan"
16.1377859366503;10.5980970965117;82.91407928;2.83;-0.19006062486126;-11.7013251582641;-0.537187679316978;0.000696872134649025;"Japan"
14.8216463009587;8.31216368645601;64.5;18.12;1.78355010971296;-13.1436728100754;-0.471692411961767;0.00410714000779804;"Jordan"
13.9509582246124;8.32999753000151;65.2;18.26;2.27304507723449;-13.5981067527465;-0.466852859512244;0.00320788079004844;"Jordan"
14.3781140212069;8.3331871175259;70.08467395;16.8;0.843928095681321;-12.927534669723;-0.461897830112224;0.00270715563775467;"Jordan"
12.9919943164769;8.29371786964538;75.44769493;19.21;-0.70816531322609;-12.7411689331226;-0.456826352274714;0.00165545446717873;"Jordan"
13.7851218222232;8.33152795979019;85.999997;19.84;2.20360600532175;-12.8255982228194;-0.451498760754901;0.00128934710813634;"Jordan"
13.3509584103539;9.13211724806559;76.42674823;4.9;11.211105653729;-12.70064559817;-0.436480646730058;-0.000881649711139555;"Kazakhstan"
12.8506976622554;9.19142514482414;78.90391906;4.85;9.20560599766662;-12.5016163080722;-0.446160007261011;-0.00173775522732749;"Kazakhstan"
13.1746555927042;9.19142209720386;81.87762047;4.8;7.63328623733945;-12.0800597479862;-0.455232295230146;-0.0020028440601711;"Kazakhstan"
13.1788474105674;9.11840449778855;85.94259898;4.89;4.21085829258907;-12.5128999468009;-0.463441362974803;-0.000662839698680921;"Kazakhstan"
13.8221897921342;9.24703769178304;90.9239507;5.572;13.9300750551614;-12.3532822885145;-0.469720778698874;-0.000995579808797311;"Kazakhstan"
16.3206328379863;10.3609356864601;95.06942188;3.65;2.22278138152841;-10.8678757820672;-0.313659375685304;0.00219078686538747;"Korea, Republic of"
16.4913068348242;10.4177220479998;96.02285958;3.82;0.482948983102617;-10.6017862502582;-0.317631757268395;0.00229992956487516;"Korea, Republic of"
16.6713497570957;10.3704370509443;96.15757918;3.75;-0.839325308149668;-10.6507092480635;-0.321848569521569;0.00214043042589811;"Korea, Republic of"
16.228726938163;10.3647436242857;96.50506052;3.93;1.56374685675343;-10.7469903733279;-0.328441346838761;0.000617328737912486;"Korea, Republic of"
16.421644742822;10.4671597952793;97.57132662;3.64;2.76293194144772;-10.7336345386567;-0.336075993768619;0.000839503412859662;"Korea, Republic of"
9.86526997607296;10.2839174222052;97.99998933;2.204;16.2310999336247;-12.0544994744049;-0.278976118413821;0.0341062482908693;"Kuwait"
10.5636488827276;10.3738719694279;99.59884959;2.185;11.2779686478212;-12.0200175894316;-0.278225596050235;0.0335790567233047;"Kuwait"
10.295904232306;10.330917560681;99.54267645;2.213;-0.364836530022842;-12.3106803779178;-0.279201922332554;0.00204633987075274;"Kuwait"
10.2880616212425;10.0981374192159;99.10587017;3.454;-13.9109339374961;-12.5800342439006;-0.287125097781869;-0.058291540953169;"Kuwait"
12.1729241550603;10.3835912818769;99.7;2.943;26.2784604087771;-12.0435805392021;-0.295415693313604;-0.00866870865110912;"Kuwait"
9.65813226184417;7.12509821544636;50.8;3.566;6.32714586098353;-13.0007121556677;-0.466628736243045;-0.00448452776612565;"Kyrgyzstan"
10.9022793217599;7.17636139591373;57.1;3.67;3.44744512662704;-12.4407968811172;-0.474508986779429;-0.00485813247295502;"Kyrgyzstan"
12.5237471640505;7.28036355733573;64.1;4.25;9.81131193761522;-12.9725012662842;-0.482267991311101;-0.00530807595799387;"Kyrgyzstan"
11.4510572952685;7.136426903117;72;4.63;5.34018553508729;-13.6200885639378;-0.488105603440611;-0.00217434915424247;"Kyrgyzstan"
10.972083319225;7.21928202217895;77.92035931;4.1;15.9927979217571;-13.4259286414836;-0.491837692237556;-0.0024374760090944;"Kyrgyzstan"
7.20381466356337;7.79953335771454;25.51043508;3.27;1.85209676121123;-14.1516851788738;-0.454030209197741;-0.00148615652343404;"Lao People's Democratic Republic"
8.89640466917954;7.84516614885892;36.3;3.308;1.91988919391754;-12.4441056538135;-0.449297176489107;-0.00145010433488726;"Lao People's Democratic Republic"
9.3325234908305;7.86269175998298;47.03225806;3.364;1.19742392109292;-12.153678052415;-0.445018314465294;-0.00142858073838337;"Lao People's Democratic Republic"
9.99585157850631;7.86070772070503;54;3.862;5.03450412544517;-13.7265972370618;-0.440878530039834;-0.00140762923294658;"Lao People's Democratic Republic"
10.3368878153862;7.83819481641483;62;4.15;3.71344836687553;-13.112320718289;-0.436551990800948;-0.001387598775336;"Lao People's Democratic Republic"
11.0174472975099;9.66110480624219;80.114077;8.72;2.94787720841359;-10.2026905040625;-0.444556330220364;-0.00489020969515736;"Latvia"
12.3265399419995;9.79060051099695;83.57717486;7.41;3.89257047226215;-9.92827045684665;-0.450569322079655;-0.00447909737262956;"Latvia"
12.4698297088337;9.79162535843907;86.13545644;6.31;4.25589850087644;-10.0457722399187;-0.456745422216444;-0.00412943314477522;"Latvia"
12.4744888675953;9.80345740006921;88.89796078;8.1;2.07082155607836;-10.1671412908596;-0.462835816299206;-0.00388381903434399;"Latvia"
12.5097084034781;9.94895784236935;91.17964988;7.51;3.77323708612343;-9.87445680672453;-0.465873332053912;-0.00361636304782726;"Latvia"
14.711993916611;9.06876498985688;78.18077489;10.168;2.7485363221939;-12.4898206854658;-0.421314144927293;-0.0378028275802013;"Lebanon"
13.4350145608027;9.12976408041622;80.9;10.656;5.52248710107466;-12.3801669511162;-0.439307243674178;-0.0392415254386818;"Lebanon"
13.9709049611897;9.0966588727768;79.7588832;11.3;4.09482315573024;-12.1690467353671;-0.456084775997664;-0.04108886566318;"Lebanon"
11.8922859257026;8.63051429144578;83.1038168;13.274;85.5420423400206;-12.3713969176222;-0.464978559694794;-0.0203333154980211;"Lebanon"
12.3391606711321;8.32751985442883;86.58903046;12.777;150.000716803737;-11.9816123348115;-0.465860012028629;-0.0205845871111468;"Lebanon"
11.4200450808201;9.73420506014704;77.61525651;7.07;4.24343178964807;-10.5511577061778;-0.423208552418117;-0.00563462844580493;"Lithuania"
12.5176209892464;9.86195486759989;79.72258277;6.15;3.52717427534756;-10.4389616475257;-0.42813565865831;-0.00515822887601582;"Lithuania"
12.8026346388091;9.88407785442906;81.58186838;6.26;2.77156306285475;-10.3656970367622;-0.433128510159818;-0.00479504047224599;"Lithuania"
11.8991868224198;9.92240036164718;83.05554724;8.49;1.89196476010981;-10.0558097760412;-0.438352327874478;-0.00451718049222061;"Lithuania"
12.1360478489345;10.0795233829521;86.93054425;7.11;6.54727551776691;-10.379521454464;-0.442740868695359;-0.00423194621325967;"Lithuania"
4.87252199196662;11.6099905930174;97.36296032;5.52;2.14290399690169;-12.1999472569166;-0.363340536054155;0.0160362614365056;"Luxembourg"
8.42123940454131;11.6681028602991;97.06129871;5.59;2.11133910459871;-11.5260884514965;-0.363146085175441;0.0166066288346081;"Luxembourg"
10.5150813432499;11.6327192747563;97.12063569;5.59;0.900736076793322;-10.5648876476834;-0.363404205931152;0.0167177149714275;"Luxembourg"
9.43766875465613;11.6691200864978;98.45962893;6.77;4.3010148081047;-11.2746984149857;-0.364405522073218;0.0110275864147496;"Luxembourg"
9.82347363611479;11.803441974876;98.66086333;5.25;4.64389231812459;-10.9714281775378;-0.366131071363091;0.0108567268273173;"Luxembourg"
13.2368729009616;11.2758892908716;83.17408907;1.99;2.14891172657101;-12.2684353638246;-0.263891559636185;0.0120997355189169;"Macao"
12.0563529261491;11.3478085010796;83.79408961;1.83;3.54294710065504;-10.6782008951081;-0.275403774767268;0.0126253665565269;"Macao"
12.1030517242192;11.3265794541214;86.46792571;1.75;2.40360427897856;-10.572301357443;-0.28826839399434;0.0129254294036191;"Macao"
11.1798891986365;10.5314222407468;88.33262029;2.57;-0.258281071925396;-11.2271423291373;-0.301299776760904;0.0124814611634478;"Macao"
10.1877803880074;10.7167459936661;88.46810492;2.24;-0.878644349067272;-11.493607206063;-0.31382153646936;0.00583157468537315;"Macao"
13.93394149924;9.20830875692556;80.14047901;3.41;3.77896094306453;-12.1271985178068;-0.365706249386544;0.00244738162346869;"Malaysia"
14.724849675258;9.31235339838067;81.20104862;3.3;0.624674674586643;-11.6446722423482;-0.363685583944372;0.00187053591421856;"Malaysia"
14.726335793185;9.31758835211647;84.18714501;3.26;0.0718269093121364;-11.6157021724959;-0.36212617309679;0.00185416299587672;"Malaysia"
13.8545308952744;9.22664123122057;89.55501192;4.54;-0.818007729183023;-11.6344804557046;-0.360809344564797;0.0017314160277082;"Malaysia"
15.1360875113328;9.31781471767396;96.7514278;4.083;5.70751569365426;-11.1471738562368;-0.359709185740911;0.00137502749906073;"Malaysia"
9.13240585716827;10.2685883856479;81.01191108;4;2.13678435740914;-9.14419843271722;-0.389494987063144;0.0231538956279821;"Malta"
10.8823725416912;10.3667775969598;81.65804429;3.66;1.73279776847993;-9.37756892547131;-0.388666243545178;0.0230691455337061;"Malta"
10.5590974421921;10.3649235553454;85.77859638;3.62;2.29750730515386;-9.46689290923104;-0.387429580326254;0.0223127313703473;"Malta"
8.97444333965186;10.2954497777601;86.85876183;4.35;1.69156767935112;-10.1080441944125;-0.386252680062178;0.0210621502254857;"Malta"
9.29320248600111;10.4597058977695;87.46977522;3.39;1.97808179366092;-9.30861713358255;-0.385680858512529;0.020071894718978;"Malta"
13.2511710181598;9.17919330851454;53.03178861;3.42;6.56759494838649;-14.0725103215404;-0.416861730570912;-0.000101254274915923;"Mexico"
13.1308528000664;9.2232882550294;56.6595668;3.27;5.20449996518977;-13.7306291211418;-0.413441255607063;-0.000801765215583442;"Mexico"
13.6660138117683;9.25288041286588;69.63210927;3.48;4.28758053550031;-13.3974824783171;-0.409771867907208;-0.000381851391007854;"Mexico"
13.7861746471806;9.09323230660519;71.49017499;4.44;4.84133265906684;-12.9347512872282;-0.405835777029776;-7.89613815589356e-05;"Mexico"
14.3207350063945;9.24562545285018;75.62650476;4.09;4.40704438422156;-12.7712691655052;-0.401773532594061;-0.00041552379667508;"Mexico"
10.2227315167927;8.14756462190192;49.9;1.62;6.25246649143298;-12.8830864517016;-0.373588279107299;-0.0159219567151292;"Moldova, Republic of"
11.0787180766756;8.33253871553499;50.3;1.24;3.21103213223728;-12.8655164074941;-0.383514230871564;-0.0133303634784684;"Moldova, Republic of"
9.48365218506601;8.39048428348197;57.76048611;1.5;5.35171200346649;-12.4928382981976;-0.392736354450934;-0.0106327395894639;"Moldova, Republic of"
11.4940278240503;8.38394575691371;59.15294877;1.21;5.57500940096507;-12.299536424816;-0.400546726413849;-0.00541832850751196;"Moldova, Republic of"
12.9712021513707;8.57068558697486;61.28776161;0.79;6.38172855134019;-11.9968200571292;-0.406647712249037;-0.00550040469079196;"Moldova, Republic of"
9.50960757687838;8.09818762938905;61.76221201;9.687;-0.0608910142931904;-14.8208855553709;-0.41510841858151;-0.00202113171498122;"Morocco"
10.2628839399859;8.15842251222108;64.80386519;9.729;0.939181637531973;-14.8320645256411;-0.416643656177636;-0.00247740512834301;"Morocco"
10.5602997920941;8.1601132408082;84.12036305;9.668;0.816805456485284;-14.1116128583653;-0.418177994680501;-0.00253299819680299;"Morocco"
11.6084134471486;8.08895136493261;84.12036305;11.726;0.142417962079094;-13.6337916922428;-0.419202887996106;-0.000921453571681276;"Morocco"
12.2714905143033;8.23417354025817;88.13031937;11.219;2.39453714272777;-13.496670536559;-0.419728152418658;-0.00124720227731875;"Morocco"
13.861130521401;10.7929253979757;93.19727891;4.84;1.26070715808579;-11.0842634920033;-0.427082422418452;0.00353651002235908;"Netherlands"
14.4952415374256;10.8788870743616;91.89189189;3.83;2.43709074520527;-10.8245264111043;-0.429362620696497;0.00352595901581882;"Netherlands"
14.9941372123658;10.8681164083932;93.2885906;3.38;3.03273379248688;-10.4682983999756;-0.431830291081575;0.00347457121913944;"Netherlands"
14.1757381806598;10.8621204690646;91.33333333;3.82;1.92857201636885;-10.5830530998431;-0.434595156708214;0.00337218702519852;"Netherlands"
14.2031041306176;10.9806696895099;92.05298013;4.21;2.92451387658699;-10.5659157071703;-0.437793414809443;0.0032760426540879;"Netherlands"
12.0862655002453;10.6668828492795;87.7;4.74;3.51715584280763;-11.069467689352;-0.424615019269277;0.0101410586671099;"New Zealand"
12.5089601398922;10.6744492685213;89;4.34;1.75240141778292;-11.0228415698903;-0.424796269612048;0.0164100314247235;"New Zealand"
13.5564182099355;10.6642099804715;89.86372003;4.11;3.10008899782621;-10.8056592766849;-0.424294470427179;0.0207647814910026;"New Zealand"
12.5352267052112;10.639708465367;92.8650738;4.6;2.01134373473306;-11.0733798280186;-0.42536034902058;0.00750854583316962;"New Zealand"
12.3123984751225;10.8197066952995;95.91020269;3.78;4.80486674681298;-11.0649572625851;-0.428000860110529;0.00747740345110928;"New Zealand"
9.11504789201521;7.66260077197632;30.4;3.3;4.12440824016032;-15.684313163724;-0.447290001849115;-0.00337024799815818;"Nicaragua"
8.24351395339413;7.59179025252507;37.6;5.2;2.65737586907213;-15.6983642109497;-0.444103947919149;-0.00315554850231268;"Nicaragua"
8.93113295464477;7.55257231191411;44.91635601;5.492;5.3954978400473;-14.1027811457679;-0.441146738650705;-0.0029611682246076;"Nicaragua"
9.63173525809469;7.53722083955278;53.4046527;6.276;5.37534937877531;-14.1164881026143;-0.437892483588217;-0.00153702803255527;"Nicaragua"
10.3654508195269;7.63285124153251;57.14684935;6.273;3.55506448208635;-14.130400126814;-0.434424513202395;-0.00151579291559498;"Nicaragua"
11.2659567091335;8.60346208873376;74.51682418;22.81;2.80702703539038;-12.9357937704082;-0.357907944431823;-0.00049072018248235;"North Macedonia"
10.4846551373584;8.71747567578846;79.16775519;21.2;3.92615528936682;-12.2434729527495;-0.360137009679315;-0.000481645223018596;"North Macedonia"
11.6608011840607;8.71117781176017;81.41288276;17.39;0.86816868476069;-11.4552453107694;-0.363517380266408;-0.000475274643255097;"North Macedonia"
11.6714853527946;8.69373981063646;81.40553811;16.55;2.91014637143618;-11.3662272933122;-0.366816480974289;-0.00023449588932566;"North Macedonia"
12.7869258572793;8.82152039360207;83.01821027;15.78;3.30160849137073;-11.1733895054565;-0.368661146550206;-0.000235340604680082;"North Macedonia"
13.5269016694845;11.2402218322193;96.3576013;4.16;4.08094934122931;-10.3430638112676;-0.424118987323166;0.00409022757007433;"Norway"
13.9313770916367;11.3240968959527;96.49165799;3.8;6.74295724699287;-10.0473838478372;-0.426578712968836;0.00346165112550726;"Norway"
15.0970147379769;11.2441382739162;98.00000439;3.69;-0.548467415755809;-9.99095555994809;-0.428235168316059;0.00478019767026135;"Norway"
14.1585965184754;11.1322507905708;94.60755647;4.42;-2.51726059053333;-9.97264840460147;-0.429876961338301;0.00199945161934947;"Norway"
14.0690944335449;11.4411382555832;99.0000036;4.37;20.2134754838135;-9.98599617008729;-0.431777890076395;0.00196068279983433;"Norway"
12.5366766261394;7.35732697332294;13.78;3.187;4.02974599325579;-16.4199563625654;-0.546635341597606;-0.00727693645689564;"Pakistan"
13.7059379282405;7.39063971300243;15.34;4.08;3.84178663274797;-15.0182620668124;-0.543099316853821;-0.00596004271195025;"Pakistan"
13.3662715245471;7.27042828169794;17.07090172;4.83;9.03633484170507;-14.5700362721561;-0.539452430538659;-0.00527207088363788;"Pakistan"
11.9164601777303;7.18713910507445;18.93481469;6.215;9.9444982105729;-14.3360521220798;-0.535230302548412;-0.00259130477580222;"Pakistan"
13.3618844814515;7.31728431351641;21.0372074;6.34;10.2673420806694;-14.6953193298745;-0.530374037647831;-0.00203712483753984;"Pakistan"
8.60468012197901;9.62812741766699;59.9506309;5.392;1.72914754757869;-13.8392424653227;-0.43459757225668;0.00269990964494443;"Panama"
10.3604376033328;9.69005137471483;61.80553132;5.218;4.33991225461273;-13.2963779071434;-0.433704630115591;0.00267210530927878;"Panama"
7.19931233398218;9.70946774203267;63.62841477;6.33;0.315250866507228;-13.061086376168;-0.432621585477935;0.00250984517069215;"Panama"
8.17320034577565;9.49501792501414;65.54188027;14.183;-0.550968761620453;-13.6633835624393;-0.431437435564731;0.00127445163417626;"Panama"
8.46379241468912;9.64803319665446;67.509728;10.451;1.93531285972315;-13.8996832639036;-0.43037588498107;0.00125779456880031;"Panama"
4.72295322164447;8.72193784454941;61.07575622;6.14;2.15920929174615;-15.6648160325756;-0.441728454531708;-0.0026163560963237;"Paraguay"
4.00624168066713;8.73920994079616;64.99354302;6.22;1.96024819846549;-15.6785557347871;-0.439700484972753;-0.00255613248308948;"Paraguay"
9.36905462285469;8.66696380027917;68.51762842;6.59;3.06187945458328;-12.8587081388117;-0.437989354699782;-0.00249156741489238;"Paraguay"
8.28681100427833;8.58547745061518;73.95751114;7.55;2.20392146778615;-14.3191144174513;-0.436481803551351;-0.00124344753761882;"Paraguay"
9.46642883086132;8.69273209693762;77.01838621;7.31;8.44812602664209;-13.320289665796;-0.434626545263394;-0.00122766210621768;"Paraguay"
12.9045773986337;8.80632053786859;50.45041218;3.69;3.61565826105974;-12.6341122828544;-0.444155403433934;0.00329822487146693;"Peru"
12.21862942812;8.84102935487478;55.05433424;3.49;2.27741531762133;-12.6054682603619;-0.439079127652804;0.0101487879869621;"Peru"
13.8085244921332;8.84734274256159;59.9505036;3.38;1.87221626775495;-12.4704148366154;-0.433877790110836;0.00416020040419973;"Peru"
12.7177931487721;8.71006340214304;65.25179796;7.18;3.92189761539879;-12.4460134443741;-0.429666692575978;0.00238572533003995;"Peru"
14.1686909189545;8.80018389881723;71.10782643;5.1;8.45148567883973;-12.1516838198042;-0.425423697633966;0.00201723416528869;"Peru"
14.641974341208;8.03185154796843;41.6;2.55;2.32025994680146;-13.3559937703783;-0.457932751540682;0.000338312789309267;"Philippines"
14.337724673973;8.06923992066345;44.1;2.34;3.74065383086987;-12.9577175184773;-0.454673250254905;-0.000141578380742702;"Philippines"
15.0550557292763;8.13559568571136;43.02661187;2.24;0.697076301045342;-12.7573954170972;-0.451705926798899;-0.000218027040281388;"Philippines"
13.7788275381418;8.07850923994641;47.11190815;2.52;1.6504901854719;-12.7991408314451;-0.448842923057616;-0.000373800114067997;"Philippines"
15.053723834026;8.14917974656463;52.67573808;3.4;2.28247845864303;-12.2156044490967;-0.445708330716395;-0.000703589473328528;"Philippines"
14.7159108671604;9.53354642536547;75.98536595;4.89;1.76210628965667;-11.0291870609403;-0.382304892676793;-5.22188041098595e-05;"Poland"
14.9488604615986;9.64888615977028;77.54173454;3.85;1.22964095424449;-11.1316637288954;-0.39246522681305;-0.000230047597416705;"Poland"
14.9359073616322;9.6614168562834;80.43590688;3.28;3.03253664890715;-11.162472181166;-0.402350668444563;-7.83343287552704e-05;"Poland"
14.5046266696723;9.66882923516287;83.18488715;3.16;4.25503894138546;-11.0551755333776;-0.411312830342576;-2.05545940837071e-05;"Poland"
15.0924836198689;9.80091644530967;85.37490906;3.36;5.26096004030063;-11.0086681955902;-0.418634803479322;-7.86285069029365e-05;"Poland"
12.2385796219043;9.97536299237294;73.79121395;8.87;1.51191039440322;-10.8295635851451;-0.434929993709171;0.000509111385105288;"Portugal"
12.4910683378919;10.0674140581535;74.66096815;6.99;1.8129967517081;-10.8782243797145;-0.438145643879656;0.000989612616787805;"Portugal"
13.0902275899869;10.0575303960749;75.34637794;6.46;1.74945223999291;-10.6615229402337;-0.440819842656679;0.00424410692201823;"Portugal"
13.1977843628929;10.009755944758;78.26166044;6.8;2.00347512182442;-10.6920498996191;-0.443048387482852;0.00393655250453988;"Portugal"
13.3587296499522;10.1129850784162;82.30902804;6.58;1.90059418094546;-10.8065319859137;-0.444787804577211;0.00263418695016354;"Portugal"
12.2816297849907;9.28060970901062;63.74728218;4.93;4.65196859673524;-12.5000047519297;-0.40683913814917;-0.00299841005395198;"Romania"
12.3795430209348;9.43303771006927;70.68127793;4.19;6.21227261174357;-12.1596164467198;-0.414002773003902;-0.00297140233860892;"Romania"
13.8771006523855;9.46946856865227;73.65747575;3.91;6.80532496653751;-12.1445921235551;-0.420600719766353;-0.00131393054426758;"Romania"
12.4995833608919;9.47634850152694;78.45526895;5.03;4.10931518447222;-12.0553146415642;-0.426239617190961;-0.00066046378842735;"Romania"
12.7705022001061;9.61224079872895;83.5904265;5.59;5.445500855711;-11.8105260904728;-0.43002044299677;-0.000665409514738972;"Romania"
15.1436236623187;9.2798974072095;76.00813853;5.21;5.34981508767618;-12.2859774518724;-0.381114325341007;0.00242292665165267;"Russian Federation"
15.7897501311392;9.33143830658456;80.86472187;4.85;9.99797671148308;-11.9918131105883;-0.387825919065274;0.00232926347558902;"Russian Federation"
15.6126888852916;9.35325029244427;82.64216187;4.5;3.26313281881684;-11.98908528015;-0.394048037776661;0.00230951897577349;"Russian Federation"
15.3995542369296;9.22959789055603;84.99466978;5.59;0.898246027195242;-11.9517228995062;-0.400276664058022;0.00236484748208339;"Russian Federation"
16.9510442105071;9.43604470419043;88.21384578;4.72;18.9905167887065;-11.7660388639449;-0.405160565897852;0.00222449127728581;"Russian Federation"
12.1011900711958;9.94800588932462;94.17559961;5.89;7.43145779660462;-14.7084777410809;-0.342762108796814;0.00827496828163278;"Saudi Arabia"
13.5801441863977;10.0930984488416;93.31000185;6.03;15.2215071750875;-13.7878576325518;-0.337006948315881;0.00723182472349397;"Saudi Arabia"
13.5755221503335;10.0607351220284;95.7247356;5.64;-1.76482099351951;-12.5739408955121;-0.332359403331529;0.00673150314555674;"Saudi Arabia"
13.7516850838816;9.9231951256626;97.8623325;7.45;-8.46317825419615;-12.1056443073557;-0.334601814280098;-0.0284827055685336;"Saudi Arabia"
14.9168643552611;10.0988741615926;100;6.62;14.1141562510742;-11.6169071415774;-0.339403344284104;-0.00428042572882925;"Saudi Arabia"
13.0031737229234;11.0213287313463;84.45226789;4.2;2.87515298539518;-10.4224689887388;-0.257075360519953;0.00631635815420296;"Singapore"
13.4807143480253;11.1100049465744;88.16563603;3.606;3.53465075505316;-10.1791838291208;-0.26749147679787;0.00633588452324624;"Singapore"
13.14994589799;11.0984774331261;88.94925269;3.1;-0.201648173263933;-10.1584399756938;-0.279756382444616;0.00712255782300521;"Singapore"
13.4429813829722;11.0231107522747;92.00434653;4.1;-2.6964548484051;-10.2304736484607;-0.291770814074415;0.00375039110543147;"Singapore"
13.9944796348052;11.2607403765402;96.92468156;4.64;8.78436557494857;-9.87699066142806;-0.302716008375595;0.00354281950562256;"Singapore"
13.0508034209152;9.77481274770328;81.62566752;8.14;1.21580198812519;-11.2324823133791;-0.368189659662219;0.000651194874570528;"Slovakia"
13.1119530171539;9.87747174123755;80.44892248;6.54;2.03478779529047;-11.1285068793174;-0.377860315318881;0.000688848493905839;"Slovakia"
12.924906383578;9.87209443212524;82.8536605;5.76;2.49431822113719;-11.3530037113601;-0.387190537667115;0.000619345243170014;"Slovakia"
12.3343516057507;9.88083752182089;89.92090413;6.72;2.37079752983892;-10.9694497072059;-0.395506936410728;0.000319848934578802;"Slovakia"
12.5760018326256;9.98820311022672;88.92560523;6.89;2.38609864044422;-10.8566605512422;-0.402113439006714;0.000320528883672798;"Slovakia"
11.0461076356706;10.0653523502039;78.88542636;6.57;1.4640640238877;-11.2832161755245;-0.412637295005604;0.00361016420923854;"Slovenia"
11.9762096316075;10.1706000312862;79.7499766;5.13;2.1125914748453;-11.0792026546976;-0.420934984776158;0.00364483430686429;"Slovenia"
13.0708690312283;10.1674830376397;83.1083578;4.45;2.29485081978052;-10.6200759652363;-0.428890163908673;0.00355633659502439;"Slovenia"
13.068151596797;10.1487224455092;86.60130109;4.99;1.12405804947954;-11.1913033145358;-0.435464190685678;0.00365341066647514;"Slovenia"
13.4146736432272;10.2864024620629;89.00399524;4.74;2.6764676910453;-11.3031911262005;-0.441445165352682;0.00216690171478393;"Slovenia"
12.4147533117159;8.81499515754442;56.16739447;23.99;5.47332197549193;-12.6537503211951;-0.42042795257238;-0.000188572952247541;"South Africa"
12.4749706722554;8.86329380676472;62.4;24.22;3.99329508557696;-12.9086755952591;-0.423664528802274;0.000475500062042599;"South Africa"
11.6906373301089;8.81023984125673;69.69687508;25.54;4.61352468937162;-13.3341586092196;-0.426106308781063;0.000391274785750457;"South Africa"
11.7478591585966;8.65748829499808;70.32030996;24.34;5.25956789710091;-13.4708445766441;-0.426794062591635;0.000524676682789664;"South Africa"
12.5125031133002;8.86412662612936;72.310492;28.77;6.50012837673914;-12.631816229563;-0.425337661275985;0.000184098078107996;"South Africa"
13.393350023607;10.2465566025155;84.6022457;17.22;1.29921183318382;-11.8398547783828;-0.416676670043138;0.00359440584895198;"Spain"
13.90757501246;10.3215305961419;86.10723553;15.25;1.24555241777706;-11.5975605595956;-0.417860009507729;0.00724530497767051;"Spain"
14.4804545513213;10.2949050720441;90.71866533;14.1;1.44735843001939;-11.3751036458078;-0.417523677094798;0.00973678979732125;"Spain"
14.2752965962085;10.203010356411;93.20564892;15.53;1.13764340211205;-11.2698337480379;-0.416548444515773;0.00440806740664729;"Spain"
14.6793702958845;10.3251153692733;93.89752157;14.78;2.65632420170878;-11.4598578394931;-0.415663853295291;0.0058002192265303;"Spain"
8.20614695692612;8.38667483354012;32.25;4.05;5.47284529470402;-14.111291604382;-0.418753382609005;-0.00458450073472067;"Sri Lanka"
5.65298028772582;8.38036144081226;46.9;4.32;4.29530620201848;-16.8914393735125;-0.420243570577281;-0.00448084910013844;"Sri Lanka"
5.34710753071747;8.31451235554976;50.68732735;4.67;3.8705276117724;-16.8975581329702;-0.421257758782372;-0.00435247443012429;"Sri Lanka"
8.1605182474775;8.25644877794714;36.18473435;5.36;3.27090210538623;-15.5165700374456;-0.421444976190736;-0.00421552078105753;"Sri Lanka"
9.21622999405237;8.29319227141964;44.45308724;5.306;8.49611863641124;-14.7163943207989;-0.421157138805644;-0.0041704278750677;"Sri Lanka"
15.3916054571938;10.892870903393;93.00626697;6.72;2.13515182451252;-9.6702238705205;-0.46884701567095;0.00803016753933157;"Sweden"
15.6885572140265;10.9075887824287;89.24696316;6.36;2.39692033450507;-9.81830063426551;-0.471463572852828;0.00800887332689023;"Sweden"
15.7718750395554;10.8578335060369;94.49344341;6.83;2.54687548145611;-9.75368543025474;-0.473401416136739;0.00793714338916266;"Sweden"
14.8836706494324;10.8749840905106;94.53943122;8.29;1.99404592785966;-9.83026434284889;-0.474456379024474;0.00782985986689257;"Sweden"
15.1325045878363;11.0254530348425;94.6703163;8.72;2.58588540084175;-9.99552069406993;-0.47510964997094;0.00768994368273387;"Sweden"
11.5765757167133;11.3175718821294;89.68614767;4.8;-0.367869216813958;-11.5804468746412;-0.402138178863617;0.00534889444192034;"Switzerland"
13.135943863738;11.3529605553174;91.8;4.71;0.764289197175742;-11.1450767114875;-0.405827092917742;0.004803549404774;"Switzerland"
13.7508730985991;11.340022585217;93.14608695;4.39;-0.103895158007788;-10.7494584459354;-0.409409190401223;0.00507808491384538;"Switzerland"
12.6176278049067;11.3609133140871;94.34995199;4.82;-0.699187622738137;-10.8477369860916;-0.412271953056832;0.00622655246188225;"Switzerland"
13.0896341107478;11.4451436575479;95.56937168;5.1;1.24619196669597;-10.9231101705415;-0.415985590987532;0.00274247502397023;"Switzerland"
13.6410780367361;8.76978519478531;52.89192934;0.83;1.8999449899777;-12.3053145083893;-0.340621994996164;0.000621496720043761;"Thailand"
14.5078375222388;8.87130308187425;56.81748093;0.77;1.42858616420727;-11.9487623555822;-0.345055150311104;0.000130806797600747;"Thailand"
14.7540262397644;8.93965647947921;66.65241946;0.72;1.01442340642497;-11.643165386338;-0.350044683636934;5.27011343771926e-05;"Thailand"
15.0005343198268;8.85392046126141;77.84374066;1.1;-1.28194431763421;-11.4436854163504;-0.355480561419656;0.000497036305951631;"Thailand"
15.4606596728013;8.86232747636484;85.26956666;1.21;1.70981299302815;-11.3204293221798;-0.361141381273068;1.58237785806177e-05;"Thailand"
8.88397429565026;8.18024211504385;55.50015506;15.33;4.71388568160486;-13.7996727155109;-0.394143824970405;-0.00189375675774755;"Tunisia"
10.806615230284;8.18232875736057;64.19081023;15.46;7.92485472786552;-13.3503826860296;-0.399726575775469;-0.00176090905914092;"Tunisia"
11.9224899591021;8.15416559228581;66.6999983;17.15;7.13476112863445;-13.4141465289236;-0.404576779994763;-0.0016273955513152;"Tunisia"
10.5009659890153;8.15986632833579;72.80748713;18.629;6.69535705466193;-12.9465082885571;-0.408397854595659;-0.000755567282695059;"Tunisia"
10.5697883214949;8.24464511585629;78.98965145;18.524;4.45368707394979;-13.4888794091881;-0.411227320007062;-0.000749330544226485;"Tunisia"
13.119531531511;9.27758306444117;64.68461768;10.82;10.9824216683285;-13.1580131815012;-0.378163666251485;-0.00313785996829542;"Turkey"
14.10139242602;9.16626686676782;71.04276084;10.89;16.5122794615027;-12.8443363001576;-0.380531587031611;-0.00321609129334549;"Turkey"
13.5720191357356;9.12863571212051;73.97670229;13.67;13.8677352522894;-12.921003599695;-0.383504790382187;-0.00264401163291977;"Turkey"
13.7039089068748;9.06401191742107;77.6695605;13.11;14.7893757412251;-12.666821125232;-0.38409247733992;-0.000970825815965235;"Turkey"
14.6931787123264;9.18432623247339;81.40843745;11.98;28.9730164131403;-12.0136688807171;-0.383594881997802;-0.000828653861552664;"Turkey"
14.8642202794721;7.8778996916475;58.88947945;9.5;22.0983174978017;-12.4651218391809;-0.382428331585872;-0.00112526707164563;"Ukraine"
14.7925746817645;8.03804790425322;62.55315539;8.8;15.3985303514156;-12.2714149255049;-0.386752911311759;-0.000745654917994543;"Ukraine"
14.1484503413841;8.20561664318179;70.1248443;8.19;8.24622626642469;-11.8914115344623;-0.390404709880339;-0.000176000636954686;"Ukraine"
14.1020302250847;8.22997429293283;75.03790912;9.48;10.2949442779935;-12.0973652752348;-0.393298723528542;-4.92385930234057e-05;"Ukraine"
16.1651600449379;8.48215562295052;79.21829353;9.83;24.8047508277652;-11.7348808691216;-0.394850758283993;1.89626880246928e-05;"Ukraine"
10.826786271009;10.6704419050175;94.81992254;2.46;4.98621314114183;-12.8422411019874;-0.16728707127515;-0.00142198710761096;"United Arab Emirates"
11.1515658507932;10.7519761762198;98.45000178;2.24;7.93674803487896;-12.6959849232374;-0.171370368658259;-0.000938932310770184;"United Arab Emirates"
11.7875045925494;10.72274237483;99.14999796;2.33;-3.19440940863002;-12.1239572997588;-0.176536996411604;-0.000484820483437453;"United Arab Emirates"
10.5003041578654;10.535534937261;100;4.29;-12.0313052945464;-12.517796724426;-0.181461460397097;-0.000297395720107342;"United Arab Emirates"
10.9845207300628;10.6994697134273;100;3.11;13.8437703394455;-12.5261448523064;-0.185142894637783;-0.000294923356765966;"United Arab Emirates"
14.8871006331277;10.6108364467332;90.42455049;4.33;1.85654104667935;-11.4854355780422;-0.446592340106653;0.00361819752290908;"United Kingdom"
15.0129589273783;10.6736840598204;90.69200899;4;1.92205239358366;-11.2436227852744;-0.449894979189948;0.00346939221379895;"United Kingdom"
15.7928420745798;10.6610764223744;92.51662855;3.74;2.11573274293868;-11.0951134165812;-0.452632044987937;0.00330926323943564;"United Kingdom"
15.4290051091021;10.6020452948652;94.81820132;4.472;5.08362342906076;-11.1787316084568;-0.45430135515417;0.00314637920942241;"United Kingdom"
15.7329151289855;10.755127950268;96.68023657;4.826;-0.120427085491656;-11.0794054632215;-0.455348487872024;0.00301414555350906;"United Kingdom"
16.5601010941111;11.0005612291623;87.27488917;4.36;1.89961013996167;-11.4530023959652;-0.417368891173956;0.00423726926393641;"United States"
17.2409094817427;11.048081452988;88.49890317;3.9;2.40405859264381;-11.2126657928546;-0.42020398194426;0.00367397692091676;"United States"
17.6540473257679;11.0839930612057;89.43028486;3.67;1.79393050089551;-10.8645636038697;-0.42354304666718;0.00352829216285363;"United States"
17.0658551517705;11.0592460171422;90.62047017;8.05;1.30491207120562;-10.9765814931751;-0.426710446391287;0.0020378176188343;"United States"
17.2874810468419;11.1593809369359;91.75320833;5.35;4.4927922357685;-11.0732121733209;-0.429582565134257;0.00169134527497347;"United States"
10.0411817063354;9.8519519666697;70.3223544;7.89;5.68018391620799;-12.4067368474647;-0.441307302523452;-0.000902927941090527;"Uruguay"
10.5781387317922;9.85356436214311;80.72684288;8.34;7.30210249067585;-12.0514757828448;-0.438831235218248;-0.000864594014313218;"Uruguay"
11.2866404845304;9.80357669098024;83.35153377;8.73;8.38584775298929;-11.8287310382665;-0.43597249815994;-0.00084645676755603;"Uruguay"
10.3945136530011;9.65825809982004;86.31019103;10.33;9.95751211134611;-12.1574325534327;-0.432861834372293;-0.00043335162780986;"Uruguay"
12.5570741408524;9.79389561551748;90.07384089;9.29;12.6808825148184;-11.1757788343298;-0.429172229762498;-0.00043370905885718;"Uruguay"
8.16399220628901;7.55839395262152;48.69999885;5.83;19.0618147140611;-16.1947047783282;-0.405881081684554;-0.00149932383616458;"Uzbekistan"
8.91336054236536;7.38041702328617;55.20000067;5.379;26.9223953823195;-15.7012490183277;-0.411288085933455;-0.00182260643704807;"Uzbekistan"
11.5495845345297;7.4928727004307;70.39999865;4.92;17.8148511042514;-14.2849291947067;-0.418111099599146;-0.00206659549409104;"Uzbekistan"
11.8781355011605;7.47267552794803;71.09999824;5.29;11.4424248275654;-14.4042339185329;-0.425223349331094;-0.00114521333078212;"Uzbekistan"
12.0998002142036;7.59760928191621;76.59043014;5.419;13.5439011261899;-15.2889884166769;-0.431595413968926;-0.00112275204710856;"Uzbekistan"
13.6924155223346;8.00372124655873;58.14;1.87;4.36292014766431;-12.527274375631;-0.36591181782361;-4.0911148599586e-05;"Viet Nam"
13.7769428435609;8.09169630090836;69.84792868;1.16;3.62664730027259;-12.4851628647461;-0.367811525267927;-3.24503159849519e-05;"Viet Nam"
14.2004916947141;8.15796969120985;68.66158021;1.68;2.42322694229267;-12.0603654786361;-0.370086810615827;-4.20561506828027e-05;"Viet Nam"
14.2830440952932;8.18488946382567;70.30000012;2.1;1.46747814810814;-11.8733630468196;-0.372812215568724;-2.08590525572076e-05;"Viet Nam"
14.8680459163128;8.23123999714196;74.20999985;2.38;2.77825734224977;-11.7421719451489;-0.375396015990057;-1.0177696319272e-05;"Viet Nam"
