"total_earnings";"pbicap";"internet";"life_exp";"pea";"desempleo";"poblacion";"inflacion";"players_ppl";"country"
7.961425988169;8.41870505273257;62.4;79.047;14.4876501155122;13.62;14.8710263924888;1.45073158124514;0.0466105810228438;"Albania"
7.20530104487081;8.57313123436743;65.4;79.184;14.4838751718881;12.3;14.8685590720659;1.47295348748196;0.0738882822029547;"Albania"
10.531019365701;8.59345292063218;68.55039112;79.282;14.4771309510695;11.47;14.8642989983956;1.25702482876329;0.177543342602306;"Albania"
10.3364708709667;8.58354962864176;72.23767711;76.989;14.468566726771;12.833;14.8585569288032;0.696542442312051;0.182255263016335;"Albania"
10.413644752957;8.76048489394009;79.32371752;76.463;14.456008788809;12.59;14.8492877481868;3.45443198973012;0.219410963897533;"Albania"
10.4901535897695;8.32722715064226;47.69105515;75.743;17.0962248746693;12;17.5324074814452;6.39065471422123;0.161598647935524;"Algeria"
9.86523049491767;8.33610057218239;49.03846808;76.066;17.1070507248821;12.145;17.5514407357263;6.75721524154756;0.150361293374817;"Algeria"
10.8390582261105;8.29953040972036;58.97757455;76.474;17.1184157547278;12.275;17.5698351845832;-0.472073341295342;0.141430276589527;"Algeria"
10.7101689776315;8.11795460732616;63.94999611;74.453;17.1304347264904;14.036;17.5871597518635;-5.02598504788905;0.185254275504961;"Algeria"
11.5061117039349;8.21617314833494;70.77;76.377;17.1433812263131;13.729;17.6037367838719;15.5674826470622;0.19320882966043;"Algeria"
12.2258364975648;9.58966926198835;74.29490687;76.833;17.1585274742579;8.35;17.6007181054509;26.0063792819079;0.279532965436474;"Argentina"
12.9478466912127;9.37544478956598;77.7;76.999;17.1699977757558;9.22;17.6108761889417;42.0336689575031;0.297038521010064;"Argentina"
14.6169423802552;9.20670117429343;79.94695203;77.284;17.1816826533492;9.84;17.6208101638746;49.1955790596612;0.31126814729185;"Argentina"
13.6835118644419;9.04792001862025;85.51438646;75.892;17.1938048548756;11.46;17.630510703789;40.0830878011993;0.318993454056817;"Argentina"
14.3951822856474;9.27339596228087;87.15070683;75.39;17.2064505453008;8.74;17.6399856133823;53.8404499043736;0.337190467132142;"Argentina"
9.54395495797184;8.30449367852952;64.74488433;74.906;14.487858424701;12.914;14.8635040615544;2.15064189848613;0.0932683407209239;"Armenia"
11.0776713371225;8.38752251261662;68.24505226;75.064;14.4749551325748;13.21;14.8581015507346;2.78770951425761;0.19068474760264;"Armenia"
10.197870995562;8.48229215137001;66.54394969;75.439;14.4619533725645;12.2;14.852460895309;1.06562263923419;0.155030544044138;"Armenia"
11.6357042676428;8.41313576897619;76.50770055;72.173;14.4503594399683;12.18;14.847130829244;1.80659270159933;0.20505796525526;"Armenia"
12.0123800629738;8.51173496307698;78.61225758;72.043;14.4389136921189;10.01;14.8419011968176;6.90051365853486;0.155140844994155;"Armenia"
14.7641445768501;10.8958973692491;86.54504885;82.5;16.5983564946567;5.59;17.0179556546894;3.65123280881308;0.375990810198876;"Australia"
15.2621708698011;10.9555936750371;90;82.7487804878049;16.6105742527205;5.3;17.0329156217935;1.87881043499081;0.390966177931576;"Australia"
15.749356860565;10.915989365912;93.60991916;82.9;16.6228836649846;5.16;17.0476905288993;3.46372273602202;0.401634645348495;"Australia"
14.7656344198401;10.8564620814804;96.39446689;83.2;16.6326925545008;6.46;17.0600248114125;2.11382544142691;0.393632685800219;"Australia"
14.9763767349828;11.0136535960485;96.24;83.3;16.6315353151417;5.12;17.0614337622454;3.07877416395633;0.384304065386772;"Australia"
12.0924270700188;10.7669924758603;87.93558659;81.6439024390244;15.5892861150307;5.56;15.989985650281;1.0055341594591;0.273261524308512;"Austria"
12.4500996124275;10.8486874885895;87.47913723;81.6926829268293;15.5916447525963;4.93;15.9948563695287;1.83806444755734;0.32603829863354;"Austria"
14.8521634181077;10.8211290861984;87.75220479;81.8951219512195;15.5935106327252;4.56;15.9993031059188;1.60787622974401;0.333006764952068;"Austria"
13.0172346793192;10.7952703606866;87.52942813;81.1926829268293;15.5946946205072;5.2;16.0034548732344;2.71949516223945;0.315547864336179;"Austria"
12.9896593224416;10.8877712779371;92.52915104;81.190243902439;15.5949192358712;6.46;16.007811590075;2.06821009880306;0.291909284924312;"Austria"
8.05091381851054;8.33018823878237;79;72.248;15.7408606472295;5;16.1033913709743;16.1724003104411;0.120838530482637;"Azerbaijan"
8.85868281984923;8.46374901972665;79.79999549;72.76;15.7476761098906;4.9;16.112054540138;12.1848769569655;0.154226554012566;"Azerbaijan"
10.3971961116522;8.47756917021831;81.09999907;73.102;15.7544491765605;5;16.1205210074021;-0.241307927446329;0.240141184588906;"Azerbaijan"
10.7283436848336;8.34993614866002;84.59999573;66.868;15.7607025920939;7.24;16.127364660656;-7.39596582740913;0.218656959696521;"Azerbaijan"
12.3360930317789;8.59564300373613;86;69.366;15.7658945416236;6.04;16.1317766380142;21.5888241949245;0.17187125661697;"Azerbaijan"
10.4101545411533;10.100283427072;95.87813575;79.689;13.9335584474327;1.192;14.191776145948;5.51968542033678;0.0488414680045422;"Bahrain"
8.67723846394576;10.1431281413446;98.64467258;79.857;13.954636646053;1.198;14.2124998475914;4.36006188422726;0.0772990185012591;"Bahrain"
9.60773903360616;10.1608049844068;99.70150438;80.019;13.9555150796104;1.22;14.2170934734382;0.0832617803389297;0.11320442644912;"Bahrain"
11.1071503088021;10.0619085545276;99.67103159;79.174;13.9380131058486;1.786;14.2058410466548;-6.06707692867674;0.162087206623804;"Bahrain"
11.1247813781077;10.1980212262525;100;78.76;13.9235071959964;1.548;14.1961807982542;10.5287503300377;0.175040504562579;"Bahrain"
6.8412414749238;7.50417692258322;19.8;71.788;18.4877942906142;4.37;18.9018342565776;5.04759735390982;0.12181807658126;"Bangladesh"
6.39692965521615;7.58243930577073;23.44;72.567;18.5067214766859;4.373;18.9134480412046;5.80552697003698;0.0947346811287157;"Bangladesh"
5.29831736654804;7.66015126320163;27.76;72.806;18.5240918407273;4.376;18.9245797661048;3.65816796352436;0;"Bangladesh"
11.2080180172533;7.71123823363445;32.87;71.968;18.5412720194762;5.316;18.936021863505;3.84104472379904;0.17782488076211;"Bangladesh"
11.5771808522792;7.80707238621535;38.91744466;72.381;18.5577250054717;5.246;18.9475150482681;4.1211747067957;0.202065621097847;"Bangladesh"
12.9583630924176;8.66311593912548;74.43644541;74.1292682926829;15.6738668972256;5.65;16.062476064281;8.62353504522142;0.259884419636799;"Belarus"
12.6347284258726;8.75779200549312;79.12988669;74.1756097560976;15.6656703732188;4.76;16.060337822211;12.1392366758709;0.280181508019535;"Belarus"
13.1333991189861;8.83021668857347;82.78915209;74.2268292682927;15.6574189503702;4.16;16.0583199562013;8.57690850921516;0.298131545257525;"Belarus"
12.6958835895611;8.78613035159011;85.08791245;72.4572195121951;15.6477327571848;4.05;16.0540852036985;11.8778791076959;0.289296514887775;"Belarus"
13.3225178123542;8.92128655206075;86.88841196;72.3706829268293;15.6352824888342;3.9;16.0458028764898;15.3264151844105;0.273869072710045;"Belarus"
12.5504676992982;10.6964457324281;87.67968082;81.4926829268293;15.8080102202395;7.09;16.2469424128147;1.83027279601211;0.293112009250529;"Belgium"
13.6873819383275;10.7694315134497;88.647343;81.5951219512195;15.8096998562894;5.95;16.2514942597675;1.54983152485374;0.304073111285707;"Belgium"
13.8786402371499;10.7502507286132;90.27542801;81.9951219512195;15.8123901275371;5.36;16.2568988730384;1.76809741631743;0.326218730243469;"Belgium"
13.0960183343024;10.7278604210481;91.52641629;80.6951219512195;15.8149043294578;5.55;16.2612088411894;1.59949112109568;0.325825553210255;"Belgium"
13.1935303691115;10.8561178738795;92.78867618;81.790243902439;15.8173929096526;6.26;16.2653248611548;3.17198189564809;0.320616760017097;"Belgium"
7.65361349845475;8.09560120562466;43.83227607;67.701;15.7853641889074;3.65;16.2522359956339;6.06139996218435;0.0426493425733023;"Bolivia"
8.91736967269173;8.15220001835189;44.2861422;67.748;15.8051566233715;3.52;16.2671107376011;3.05626575345299;0.0852206875259966;"Bolivia"
12.2421722912927;8.15259575621801;47.47481911;67.841;15.8244884596072;3.68;16.2816857815153;-0.693003271755344;0.147275614145601;"Bolivia"
10.3688890456801;8.02904597591008;59.94010155;64.467;15.842833991507;7.9;16.2950831737196;-1.8543866829455;0.11941701237792;"Bolivia"
12.2480347898326;8.11522884914913;65.9773785;63.63;15.8602286585857;5.09;16.3070180409064;3.95611966353432;0.183708159642624;"Bolivia"
12.7637396787331;8.58061714869955;64.89202051;76.935;14.6782570429043;20.53;15.050989878156;1.77870702677497;0.170417319938812;"Bosnia and Herzegovina"
12.3577564995286;8.7035886303051;70.12013504;77.093;14.6591308070785;18.4;15.0393239300431;2.79162490401892;0.165227284241418;"Bosnia and Herzegovina"
12.4242237151211;8.71517889294262;69.94634763;77.241;14.6394763298284;15.69;15.0276631166966;2.47150468459363;0.195934587853184;"Bosnia and Herzegovina"
12.0359453160113;8.71524114375189;73.21175294;76.225;14.6194770279293;15.87;15.0149954064655;0.0621425496305932;0.214377409897985;"Bosnia and Herzegovina"
12.6851008059216;8.88602181653382;75.67620138;75.3;14.5991778277773;14.9;15.000588880505;4.8603338005645;0.202960194561436;"Bosnia and Herzegovina"
15.0406071752596;9.19995855644242;67.47128452;74.827;18.7962823846133;12.79;19.155473387889;3.67138451275035;0.346150849492167;"Brazil"
15.1381011081458;9.11833702798693;70.43428254;75.109;18.8046565419142;12.33;19.1634110694275;4.49353433137021;0.350110129973784;"Brazil"
15.6677581330242;9.08764425366942;73.91243991;75.338;18.8123875187605;11.94;19.1710721474483;4.22425886899158;0.370221800639328;"Brazil"
15.6147942375257;8.84270557505766;81.34269353;74.009;18.8192541319516;13.7;19.1777239142708;6.47249960755747;0.367620399156066;"Brazil"
16.1827579016286;8.94855796611284;80.68989314;72.75;18.824594322394;13.16;19.1830098188;11.3840611656746;0.379322977543776;"Brazil"
14.7855843667435;9.03382767260061;63.41010138;74.8146341463415;15.3366670508824;6.16;15.7722118441264;4.81312048422326;0.289391762967451;"Bulgaria"
14.1417747550997;9.15352193647037;64.78201069;74.9634146341464;15.323912147484;5.21;15.7649910400741;4.23460549792284;0.292113720476078;"Bulgaria"
14.6489271955703;9.19769438004261;67.94698094;75.1121951219512;15.3114767028556;4.23;15.757951983663;5.23925655379578;0.282672983194234;"Bulgaria"
13.3598335074388;9.22506566033953;70.16248359;73.6585365853659;15.301212601737;5.12;15.7519495684783;4.26010568588524;0.278189478427666;"Bulgaria"
13.5692111164468;9.41077537453859;75.27144583;71.4634146341463;15.2909952745417;5.27;15.743801103763;7.13449171826458;0.287897405669708;"Bulgaria"
8.606818150024;7.2448696417033;32.90027854;70.515;16.1466223673844;0.14;16.5774609558626;3.34104215841538;0.108084071137227;"Cambodia"
7.71868549519847;7.33518797939341;42.60307838;70.561;16.1594418920373;0.128;16.5896754124548;3.11182136665906;0.196393025000082;"Cambodia"
10.5223631321713;7.42140814239211;52.30587822;70.692;16.1711567768106;0.116;16.6009998340744;3.2353717666989;0.242476461114885;"Cambodia"
8.41183267575841;7.36385756822971;53.65076745;70.416;16.1833834538142;0.17;16.6126004110483;-0.671856541203582;0.138604735924587;"Cambodia"
11.58996094778;7.39340771290908;60.1524023;69.584;16.196057487428;0.4;16.6242517695344;1.29194500045938;0.265806886773369;"Cambodia"
14.9097667727037;10.7172898470086;92.70137191;81.8329268292683;17.0142920778025;6.43;17.4140613936675;2.57101465425282;0.365593660422407;"Canada"
15.4966675222099;10.7482530322415;94.64;81.8439024390244;17.0240440043387;5.84;17.4281859523593;1.6511181981862;0.382172600639369;"Canada"
15.9149924891138;10.7444975302381;91.91289669;82.2239024390244;17.0339046668259;5.69;17.442547320591;1.54607075438069;0.394695025073293;"Canada"
15.2110660099908;10.681950494473;92.3;81.6604878048781;17.0394836894634;9.66;17.4532852788593;1.07081026807496;0.38667559944524;"Canada"
15.4940691281203;10.8688579273443;92.83401664;81.5870731707317;17.0396582222355;7.53;17.459039498024;7.66486542253131;0.380610340577885;"Canada"
12.2834412887705;9.61807346793637;82.32748693;80.35;16.3546563089872;6.95;16.7261519909356;4.82819188168904;0.273506481406038;"Chile"
11.9534475014937;9.66903234986022;84.9;80.133;16.3734774407428;7.21;16.7441116189257;1.59019973757384;0.284917153745763;"Chile"
12.1709711845961;9.59101336690296;85.01758384;80.326;16.3916591233806;7.27;16.7620255386424;2.57259820881472;0.286110442591843;"Chile"
12.5653766354968;9.48598413341914;86.37099516;79.377;16.4043588923452;10.94;16.7756319749854;9.63741365433609;0.298685337253925;"Chile"
13.3143319022099;9.69527003764426;90.19336882;78.944;16.4125083716931;9.28;16.7855754239696;6.79784123203009;0.316826790831966;"Chile"
16.7788596036743;9.08444212784121;54.3;77.248;20.7095841044349;4.47;21.0570308408894;4.23268197592985;0.345465588844938;"China"
16.945249015599;9.20083598636549;59.2;77.744;20.706879427069;4.31;21.061707561424;3.49974763599464;0.345879881359253;"China"
17.0282706586566;9.22462389706668;64.0808813;77.968;20.7045199852462;4.56;21.0652549703257;1.28670040643908;0.345723856172864;"China"
17.0060539924803;9.25039915251705;70.05275998;78.077;20.7020150816388;5;21.067635379028;0.492493917873077;0.350607494193812;"China"
17.758047141341;9.44284042274123;73.0532414;78.211;20.7001009507875;4.55;21.0685279010284;4.55232657954579;0.361125110882066;"China"
11.1456251280895;8.7718309116806;62.25988032;76.646;17.3225056297096;9.09;17.6940113397628;5.13373589963344;0.192223081377756;"Colombia"
11.5110342778026;8.82203291398991;64.12637682;76.748;17.3455165474388;9.36;17.7129672072685;4.63057967327826;0.209652737638471;"Colombia"
11.0035642684071;8.76974162482325;65.00690072;76.752;17.3669696672724;10.28;17.7312746766932;4.0026205429363;0.226003671946941;"Colombia"
11.5491090707785;8.57627104185557;69.79533474;74.769;17.3836466176305;15.98;17.7459756970092;1.48021450852436;0.237772652077239;"Colombia"
12.577510194024;8.72951149639696;73.02837449;72.83;17.3962190508153;13.9;17.7574139061673;7.66762201531672;0.248844827920686;"Colombia"
5.73544262738407;9.40245825641372;71.58166462;79.377;15.0506130659421;7.73;15.4237161113558;2.85888372957956;0.0449403487172337;"Costa Rica"
7.6456654780156;9.42409195266906;73.47972844;79.484;15.0600719855815;9.01;15.4330622643644;2.1924784282276;0.116098765010836;"Costa Rica"
10.244907173501;9.44694027156336;81.20259644;79.427;15.0687619785761;10.81;15.441713547831;2.56679211775625;0.218064907081471;"Costa Rica"
10.2780318346026;9.4074895109549;80.53018608;79.277;15.0764848638201;16.43;15.4492712585145;0.772593246751626;0.134598034229854;"Costa Rica"
10.0444587634513;9.4417733776295;82.74901607;77.023;15.0830698053452;15.14;15.4552753271251;2.37413082567939;0.183316911804458;"Costa Rica"
12.4101959737902;9.51725538919628;67.09619204;77.8268292682927;14.8098265792762;11.21;15.2324628743172;1.16593721117815;0.264261382019983;"Croatia"
12.5748688245796;9.61847105217363;75.29462599;78.0707317073171;14.7945176518519;8.43;15.2235280050401;2.02833474717856;0.251495014507907;"Croatia"
12.5768120693552;9.62383336373648;79.07978368;78.4243902439025;14.7819204752297;6.62;15.2179865376497;2.00508096122299;0.272252489916541;"Croatia"
12.2014388259522;9.56590832326991;78.32090004;77.7243902439024;14.7710539255591;7.51;15.2136544354413;0.750835156747897;0.272330014065509;"Croatia"
12.9087443484779;9.78746104522401;81.25396608;76.4243902439025;14.7231047846173;7.61;15.1710879464221;1.50774985934781;0.267643495633681;"Croatia"
12.7600448239318;9.93480209181338;78.71917285;78.9780487804878;15.7511761243072;2.89;16.175839704389;1.30694431650136;0.313362662764572;"Czech Republic"
13.5662610933205;10.0615369279999;80.68816754;79.0292682926829;15.7458158680969;2.25;16.179183977012;2.56757397075347;0.322991980382826;"Czech Republic"
13.3006246021956;10.0717460135477;80.86694441;79.2292682926829;15.7417596896962;2.02;16.1831218656541;3.88895344602105;0.340690059182358;"Czech Republic"
13.3788483464818;10.0429398549489;81.33889705;78.1756097560976;15.7372852035008;2.55;16.1855540924762;4.31840283925935;0.360314045720218;"Czech Republic"
13.9608625598458;10.196996895403;82.67062427;77.2219512195122;15.7140051476479;2.8;16.1674353783759;3.32780959196783;0.363032031721247;"Czech Republic"
15.4330931165382;10.961453146945;97.09936216;81.1024390243903;15.1221297480274;5.83;15.5673122424685;1.18466161152733;0.382752308184251;"Denmark"
16.1783663033114;11.0282861160978;97.31920437;80.9536585365854;15.1249325140197;5.13;15.5722706317273;0.747856838144173;0.389842809155514;"Denmark"
16.1030908853941;10.9952930724371;98.04643475;81.4512195121951;15.1265594155715;5.02;15.5758519408862;1.04879424424314;0.402122354935228;"Denmark"
15.3008679300187;11.0159467358001;96.54914573;81.6024390243903;15.1275354723557;5.64;15.578768352661;2.92632531177568;0.396960064553574;"Denmark"
15.5532865613959;11.1457477278319;98.8658506;81.4048780487805;15.1300129552193;5.04;15.5831024975551;2.85668370046885;0.381697738952423;"Denmark"
12.5068617073816;8.92445641285663;67.57124533;73.063;15.7527440304386;5.83;16.1808116372878;4.18137503365021;0.0994658332666845;"Dominican Republic"
11.3502719381794;8.98056982693195;74.82204836;73.232;15.7652931992335;5.86;16.1918600140852;4.12148968696981;0.153466411371293;"Dominican Republic"
11.0074997354971;9.00863349194216;79.71545398;73.577;15.7770886076262;6.18;16.2026097623743;2.52561865647056;0.227671931140393;"Dominican Republic"
10.4756155918939;8.87737009274402;82.19830578;72.889;15.7889053763775;6.13;16.2133752848416;4.72350401957794;0.207686294237244;"Dominican Republic"
11.2488350415472;9.04508235801219;85.24298638;72.615;15.8005209458832;7.7;16.2240645515125;7.77715811136834;0.193261941603705;"Dominican Republic"
9.23634821683026;8.73976125751929;55.8;76.972;16.1990124687939;3.84;16.6307362666296;1.94639824444045;0.0967749044077815;"Ecuador"
9.35818521171856;8.751687977122;57.5;77.094;16.2235773792696;3.53;16.6496453597009;1.81887357109554;0.0659841254833699;"Ecuador"
9.23501737468862;8.73765445531956;59.2;77.297;16.2481075198188;3.81;16.6687421923342;0.495450027557041;0.173400711616106;"Ecuador"
9.76845274463471;8.63856077970787;70.7;72.153;16.2667285644445;6.13;16.6827612385946;-0.399099295795224;0.143734915251977;"Ecuador"
11.3419419885308;8.69368660931229;76.20289766;73.67;16.2830023624344;4.55;16.6945818723485;2.57933093464713;0.190364386161225;"Ecuador"
8.81710220918754;7.79973991016444;44.95020425;71.302;17.9610018705035;11.77;18.4384163933836;29.5184798346035;0.134767899627198;"Egypt"
9.66741642401594;7.83644880864372;46.92433677;71.367;17.9796941935435;9.86;18.4574057010651;21.1748208164536;0.150215516045128;"Egypt"
11.3952584225864;8.01210386220507;57.2828664;71.358;17.9977536285586;7.85;18.4753457223197;13.6180959109963;0.178391079416862;"Egypt"
10.8686114952722;8.1807568879732;71.91420096;70.99;18.0159485122247;7.97;18.4926770180403;6.17693409847963;0.193780431841223;"Egypt"
12.8048479634285;8.26532153607062;72.06;70.221;18.0340353832133;7.44;18.5092608548353;4.84715643244118;0.21650422546104;"Egypt"
13.0425546173629;9.92513971234973;88.10245687;78.0926829268293;13.6488442163009;5.76;14.0911585099806;3.59036501479098;0.302507410872009;"Estonia"
13.4406108908978;10.0504344679595;89.35700777;78.2439024390244;13.6476645234279;5.37;14.0946389013604;4.83777941523971;0.278958947458017;"Estonia"
13.8243740310748;10.061537109313;90.2289282;78.6463414634147;13.6467912694366;4.45;14.0983544452508;3.20705842626813;0.271566544262818;"Estonia"
13.040765676355;10.0688004318734;89.05828666;78.5951219512195;13.6438820264547;6.8;14.1003300371026;-0.531509461698576;0.308979209367842;"Estonia"
13.6833902721173;10.2379470943268;90.97970174;76.9439024390244;13.6418795289037;6.18;14.1013900066657;5.99690607967077;0.324415605577956;"Estonia"
15.2047788425867;10.7453162660327;87.46892907;81.6317073170732;15.0542403779522;8.64;15.521750990654;0.819262897258781;0.381155583939577;"Finland"
15.8421097363317;10.8195307769528;88.88996;81.7341463414634;15.0501305041142;7.36;15.5230774010619;2.00183627649704;0.380072662214445;"Finland"
16.1162889228075;10.7919929880801;89.60738511;81.9829268292683;15.0471587415182;6.69;15.5241793179668;1.49655419230197;0.383981994637509;"Finland"
14.4474419044763;10.8030332524143;92.17027106;81.9317073170732;15.0451347346357;7.76;15.525615729939;1.63467899810999;0.390716103993616;"Finland"
14.8132962593921;10.8875246607806;92.80806082;81.8853658536585;15.0444757348261;7.61;15.527688615883;2.39795719237752;0.380661719220365;"Finland"
15.1730677460878;10.5656869910164;80.50245972;82.5756097560976;17.5428032358381;9.41;18.0189788460779;0.521577263305687;0.372952330569945;"France"
15.687919449239;10.6348418283586;82.04318678;82.6756097560976;17.5421761149393;9.02;18.0225637918961;0.9922245663778;0.387348094384927;"France"
16.1865643852427;10.6089312771014;83.33974409;82.8268292682927;17.5418260808159;8.41;18.0259775333277;1.27859214632949;0.399447124553013;"France"
15.5472401888738;10.5759151641573;84.70640914;82.1756097560976;17.5415542852845;8.01;18.0286910384044;2.83987619551208;0.391098246236966;"France"
15.6338345403417;10.6844466073306;86.09548575;82.3243902439024;17.5422107553462;7.86;18.0315461245908;1.42394826984793;0.392786537572415;"France"
8.35611557566777;8.37952250457838;59.7055046;73.57;14.7112405592546;13.94;15.1313835277484;8.49104666870355;0.220218098633512;"Georgia"
8.24272476626848;8.45999670175195;62.7179082;73.341;14.7043754152885;12.67;15.1309931622849;4.36110904352958;0.16951625910815;"Georgia"
10.0382413227527;8.4544984277647;68.84671356;73.47;14.6968652722529;11.57;15.1292775048827;5.19239145340818;0.204308662615299;"Georgia"
10.8695255142557;8.35602464226497;72.53157487;72.765;14.6928745814615;11.73;15.1299640673774;7.28127821019069;0.207237386815067;"Georgia"
11.2845922204637;8.52183726771898;76.44271451;71.694;14.6853178830572;11.851;15.1261677013071;10.2540892898094;0.215394712154351;"Georgia"
15.4231367682567;10.7066675728042;84.3941537;80.9926829268293;17.804000445415;3.75;18.2302100973362;1.50373898915133;0.366402754009973;"Germany"
15.334814049416;10.7776904533997;87.03711209;80.8926829268293;17.802112881588;3.38;18.2332153643561;2.00749244131613;0.373562437699086;"Germany"
15.6439267510042;10.7537482714651;88.13451691;81.2926829268293;17.7989902239236;3.14;18.2354705630982;2.13030905148273;0.388623803810771;"Germany"
15.3071042498702;10.752558330975;89.81294133;81.0414634146342;17.7944392181572;3.86;18.2362874946847;1.87258564805592;0.392113880617243;"Germany"
15.4148726372501;10.8479137511892;91.43060973;80.790243902439;17.7897429617281;3.64;18.2367107652573;3.01963807375267;0.387298359572823;"Germany"
12.0217452784431;9.82995345713088;69.89297065;81.2878048780488;15.7478302016201;21.41;16.1908514736556;0.285406259345564;0.2831826038384;"Greece"
12.7540351974922;9.8912626548569;72.23837339;81.7878048780488;15.7430092515949;19.18;16.188822671273;-0.165244042297104;0.299714831797468;"Greece"
12.2922330021714;9.85973875919166;75.67120669;81.6390243902439;15.7391106788195;17.04;16.1877692773457;0.226845195063973;0.281315900515925;"Greece"
12.1173819137588;9.77663617063144;78.11584474;81.2878048780488;15.7337142609637;15.9;16.18562335628;-0.751947346018426;0.282640394985368;"Greece"
12.0297726029759;9.91890225715547;78.49426371;80.0829268292683;15.7182478859945;14.66;16.1734553313802;1.48532025418626;0.282853038189521;"Greece"
7.96712072082215;8.40156335060452;37.9;72.551;16.0886838329141;2.46;16.5935480337484;1.7479141087134;0.132414392200357;"Guatemala"
8.23039872492571;8.4086614605333;41.5;72.726;16.1118158743711;2.28;16.6095518935635;1.27161217513023;0.117156089551663;"Guatemala"
9.52660407035909;8.44415089089614;44.40104984;73.129;16.1343316312064;2.19;16.6251557540416;3.56578287211866;0.117046130444959;"Guatemala"
9.98472185766764;8.43596084887221;47.51234167;71.797;16.156997370931;2.88;16.6403556325774;2.87326020166152;0.138373550652139;"Guatemala"
10.4216478119777;8.52307139186256;50.84164945;69.237;16.1798588243788;2.17;16.6551588006384;2.69350246182233;0.138250563717579;"Guatemala"
11.7770798185794;9.5902305173754;76.75054712;75.8170731707317;15.6911490590627;4.16;16.0966642298975;4.02970505144422;0.281586260880968;"Hungary"
12.7600588743339;9.70657232607364;76.07436064;76.0658536585366;15.6846015243925;3.71;16.0953963603809;4.847425391946;0.297960388064854;"Hungary"
12.3585821221771;9.728313211829;80.37169361;76.3195121951219;15.67698668113;3.42;16.0949438032798;4.78502518079389;0.3014630136783;"Hungary"
12.3442458482657;9.68816393372756;84.77115202;75.5682926829269;15.667311891003;4.25;16.0927931249085;6.40166854073203;0.312994305172382;"Hungary"
12.4358760904386;9.83911152194846;88.64083466;74.1634146341463;15.658282640526;4.05;16.0886556146638;6.44509799276666;0.317363090875463;"Hungary"
9.59432576726608;11.184562346837;98.25520119;82.6609756097561;12.3376577704037;2.74;12.7466512274455;0.936992856331969;0.258564920871757;"Iceland"
10.7589867611666;11.2179124409458;99.01095399;82.8609756097561;12.3686123248127;2.7;12.7734326551378;2.63161215080015;0.21705901593528;"Iceland"
11.2136400668885;11.1338914996214;99.50494117;83.1634146341463;12.3925148673771;3.51;12.7954219777204;4.4567758015221;0.299219627391389;"Iceland"
10.2131757052505;10.9827202325389;99.5327519;83.0634146341463;12.4069664979091;5.48;12.811652840233;4.01484544334625;0.262830711382688;"Iceland"
9.78437513364128;11.1376535820946;99.68701957;83.1658536585366;12.4192628259866;6.03;12.8280460066356;6.49643050909326;0.229531370377325;"Iceland"
11.3677249955804;7.57966340586006;18.2;70.467;20.6164532820341;7.728;21.0264735209354;3.96925792751712;0.243973327710678;"India"
11.8815545822133;7.58800855502788;20.08130004;70.71;20.6317575107293;7.65;21.0373487981512;3.88424027914405;0.229129706972803;"India"
13.606589375085;7.62567497150719;29.52351142;70.91;20.6461379295289;6.51;21.0476019058699;2.4055171623353;0.262521733537292;"India"
13.2797945220469;7.55654282577528;43.40544313;70.15;20.6598855194986;7.86;21.0571541144474;4.7465489289995;0.271187026809901;"India"
13.658899203158;7.71339469788718;46.31;67.24;20.6722310007346;6.38;21.0651262753864;8.53852548308286;0.284068379294699;"India"
12.2506114043167;8.25317167386041;32.33580625;69.936;18.9961107848097;3.78;19.3933474689886;4.29267812199525;0.261373350337057;"Indonesia"
13.6881497225189;8.26941408024611;39.90463864;70.338;19.0075544644698;4.39;19.4030095333472;3.81832356943335;0.303360363830875;"Indonesia"
14.5613595090434;8.33115936572854;47.69064898;70.518;19.0185096496752;3.59;19.4123864260836;1.59848849984144;0.337173880463235;"Indonesia"
14.8028270370992;8.26760764969274;53.72649449;68.808;19.0288070923459;4.25;19.4207903187649;-0.401651435218994;0.339624722047913;"Indonesia"
15.1810525607362;8.37429601534021;62.10447842;67.57;19.038301475257;3.83;19.4277374956481;6.00342133702488;0.341840225668494;"Indonesia"
5.94437293957413;8.65844805841909;64.04397362;75.971;17.8923854434436;12.23;18.2523221615291;13.0353311671579;0.120380549822168;"Iran, Islamic Republic of"
8.62989668132932;8.25602353887808;70.200565;76.195;17.8997599180065;12.19;18.2654009836202;31.6411842965085;0.171663037605413;"Iran, Islamic Republic of"
10.3938065452534;8.09460835293801;72.45090477;76.103;17.9066178358313;10.74;18.2763969162465;30.5348662272656;0.217236030260581;"Iran, Islamic Republic of"
11.8504324517671;7.91805333619768;75.56986637;74.832;17.9122327580307;9.69;18.2847486777298;44.2649836337424;0.148104316270998;"Iran, Islamic Republic of"
11.4856841672394;8.31488122430969;78.5957366;73.875;17.9182113097842;9.28;18.2919769027846;56.3196546439665;0.201666527009029;"Iran, Islamic Republic of"
10.3710068483796;8.46066380699139;26;70.413;16.9359220338625;13.02;17.4948739274265;14.6503597888451;0.131614843441902;"Iraq"
8.58649908057471;8.63078381759714;33.9;71.514;16.9651012972266;13.449;17.5190495342934;18.2039920993937;0.125419165750697;"Iraq"
11.1480700088392;8.6342971867845;44.32634655;71.576;16.9941023269306;14;17.5427334174326;-2.67444003466784;0.207355722347786;"Iraq"
10.5328756414577;8.35498886012798;45.7863696;69.123;17.0235461997782;15.746;17.566354535825;-11.2201961826371;0.175963797557109;"Iraq"
12.5860552825252;8.47027669281562;48.91718718;70.378;17.0523744628723;16.17;17.5890434279279;37.4648178139789;0.205293592425317;"Iraq"
11.8209882328987;11.158401591759;84.11400706;82.1560975609756;14.9602981665029;6.71;15.3856644592418;1.25108346816501;0.221062755571738;"Ireland"
12.140653523444;11.2828446452132;87.00014011;82.2048780487805;14.9720486141293;5.74;15.3980532137677;1.12003223626651;0.265900143698767;"Ireland"
12.3544088971412;11.3003298617179;87.00005524;82.7024390243903;14.9855367406334;4.95;15.4117294833041;3.35541152264082;0.28351443990764;"Ireland"
11.9805356071096;11.3617896017012;91.99989097;82.5560975609756;14.9955031209032;5.62;15.4220205883318;-1.23404262978538;0.272642135011297;"Ireland"
12.0470838893964;11.5327457220046;95.16956667;82.3536585365854;15.0047341250833;6.19;15.431559370167;0.477482551429404;0.259684267098737;"Ireland"
13.0669377038554;10.6241229880939;81.58118359;82.5512195121951;15.4760510065927;4.14;15.9803611519302;-0.0338664330484306;0.246041099781366;"Israel"
13.8334856044869;10.6550650769235;83.73315696;82.8024390243903;15.4923975642069;3.92;15.9996273805822;0.783950865361831;0.25485202541994;"Israel"
13.4968850370907;10.7021704660544;86.78787762;82.8048780487805;15.5091401591342;3.73;16.018717206978;1.83647019726104;0.271170616581048;"Israel"
12.5607221346194;10.7110073285955;90.12734091;82.6487804878049;15.5248111807827;4.17;16.0363540008991;1.0414184276851;0.254268360730694;"Israel"
13.173401812318;10.8614865924939;90.29689758;82.5;15.5406796246073;4.81;16.0531730560739;2.12829471719861;0.241148650013661;"Israel"
13.0685425335584;10.3861210974025;63.077347;82.9463414634147;17.4731750035839;11.21;17.918760499327;0.726343220957816;0.302752526754579;"Italy"
13.2287283724038;10.452249497664;74.38718292;83.3463414634146;17.4702885869809;10.61;17.9168598629259;1.06813204686947;0.301289553125757;"Italy"
14.0303137933355;10.424473909655;67.85071029;83.4975609756098;17.4571375163405;9.95;17.9053295786869;0.938114135013862;0.308814705879149;"Italy"
13.668806534507;10.3710794998452;70.48342785;82.1951219512195;17.4505700810625;9.16;17.9004586277697;1.57917145706057;0.317319948451219;"Italy"
13.9626606795354;10.5036763898384;74.8623274;82.6463414634146;17.4438111079667;9.5;17.8953026277813;1.27786079243741;0.325063581262522;"Italy"
13.7343161748671;10.5670527936405;91.72654724;84.099756097561;18.1341293120856;2.82;18.6594771476743;-0.0743495037290671;0.294823813497389;"Japan"
14.8661847348632;10.5903936252931;88.74635089;84.2109756097561;18.1281614040978;2.47;18.6582083469934;-0.00023750638760589;0.317227342743598;"Japan"
15.1146981166326;10.6069799553989;92.73039781;84.3563414634146;18.1231893167098;2.35;18.6568036972146;0.63480316569607;0.35204732911418;"Japan"
14.9414073169679;10.5976533517677;90.21945812;84.56;18.1177373679662;2.81;18.6538617510371;0.941449700794308;0.356021839251133;"Japan"
16.1377859366503;10.5980970965117;82.91407928;84.4456097560976;18.1120745475621;2.83;18.6492622268791;-0.19006062486126;0.372558280541573;"Japan"
14.8216463009587;8.31216368645601;64.5;75.502;15.6677126716676;18.12;16.1394050836293;1.78355010971296;0.185616028473853;"Jordan"
13.9509582246124;8.32999753000151;65.2;75.774;15.6962032506958;18.26;16.163056110208;2.27304507723449;0.158692102531377;"Jordan"
14.3781140212069;8.3331871175259;70.08467395;76.044;15.7237333776323;16.8;16.1856312077445;0.843928095681321;0.201295611904375;"Jordan"
12.9919943164769;8.29371786964538;75.44769493;75.184;15.7500784836476;19.21;16.2069048359223;-0.70816531322609;0.213843169802416;"Jordan"
13.7851218222232;8.33152795979019;85.999997;74.256;15.7752968437266;19.84;16.2267956044815;2.20360600532175;0.20960376062929;"Jordan"
13.3509584103539;9.13211724806559;76.42674823;72.95;16.2714981366724;4.9;16.7079787834025;11.211105653729;0.239845479646725;"Kazakhstan"
12.8506976622554;9.19142514482414;78.90391906;73.15;16.2749640059873;4.85;16.7211240132483;9.20560599766662;0.252345936901907;"Kazakhstan"
13.1746555927042;9.19142209720386;81.87762047;73.18;16.2787878029136;4.8;16.7340200981437;7.63328623733945;0.278113706261999;"Kazakhstan"
13.1788474105674;9.11840449778855;85.94259898;71.37;16.2835650884234;4.89;16.7470064513982;4.21085829258907;0.252827663074302;"Kazakhstan"
13.8221897921342;9.24703769178304;90.9239507;70.23;16.2902807570799;5.572;16.7600015357788;13.9300750551614;0.262930718583582;"Kazakhstan"
16.3206328379863;10.3609356864601;95.06942188;82.6268292682927;17.4407480489124;3.65;17.7544074245977;2.22278138152841;0.387877301553282;"Korea, Republic of"
16.4913068348242;10.4177220479998;96.02285958;82.6268292682927;17.4411108576054;3.82;17.7587426148738;0.482948983102617;0.403010309897804;"Korea, Republic of"
16.6713497570957;10.3704370509443;96.15757918;83.2268292682927;17.440372795038;3.75;17.7622213645596;-0.839325308149668;0.400372902157696;"Korea, Republic of"
16.228726938163;10.3647436242857;96.50506052;83.4268292682927;17.4351587103833;3.93;17.7636000572221;1.56374685675343;0.3949993053937;"Korea, Republic of"
16.421644742822;10.4671597952793;97.57132662;83.5268292682927;17.4257599769461;3.64;17.7618359707147;2.76293194144772;0.395691157358165;"Korea, Republic of"
9.86526997607296;10.2839174222052;97.99998933;79.781;14.953577186339;2.204;15.2325533047528;16.2310999336247;0.208635661189929;"Kuwait"
10.5636488827276;10.3738719694279;99.59884959;79.722;14.9998885314029;2.185;15.2781141274531;11.2779686478212;0.213252533057535;"Kuwait"
10.295904232306;10.330917560681;99.54267645;79.685;15.0272107291392;2.213;15.3064126514717;-0.364836530022842;0.195717464422726;"Kuwait"
10.2880616212425;10.0981374192159;99.10587017;76.92;15.0009593472209;3.454;15.2880844450028;-13.9109339374961;0.177134696687746;"Kuwait"
12.1729241550603;10.3835912818769;99.7;78.673;14.9670406707567;2.943;15.2624563640703;26.2784604087771;0.210901557919984;"Kuwait"
9.65813226184417;7.12509821544636;50.8;71.2;15.1731407490399;3.566;15.6397694852829;6.32714586098353;0.168740167948039;"Kyrgyzstan"
10.9022793217599;7.17636139591373;57.1;71.4;15.1851637192059;3.67;15.6596727059854;3.44744512662704;0.205551922144445;"Kyrgyzstan"
12.5237471640505;7.28036355733573;64.1;71.6;15.1982834760753;4.25;15.6805514673864;9.81131193761522;0.172701209312352;"Kyrgyzstan"
11.4510572952685;7.136426903117;72;71.8;15.211424502177;4.63;15.6995301056176;5.34018553508729;0.13245247008608;"Kyrgyzstan"
10.972083319225;7.21928202217895;77.92035931;71.9;15.2366760422401;4.1;15.7285137344777;15.9927979217571;0.146395592861814;"Kyrgyzstan"
7.20381466356337;7.79953335771454;25.51043508;67.434;15.3070928821101;3.27;15.7611230913079;1.85209676121123;0.102114418059567;"Lao People's Democratic Republic"
8.89640466917954;7.84516614885892;36.3;67.634;15.3270129874996;3.308;15.7763101639887;1.91988919391754;0.211215707319279;"Lao People's Democratic Republic"
9.3325234908305;7.86269175998298;47.03225806;68.138;15.3462458976761;3.364;15.7912642121413;1.19742392109292;0.230354334577568;"Lao People's Democratic Republic"
9.99585157850631;7.86070772070503;54;68.497;15.3651602487018;3.862;15.8060387787417;5.03450412544517;0.131559941791145;"Lao People's Democratic Republic"
10.3368878153862;7.83819481641483;62;68.061;15.3838189285903;4.15;15.8203709193912;3.71344836687553;0.171174886789975;"Lao People's Democratic Republic"
11.0174472975099;9.66110480624219;80.114077;74.6292682926829;14.0348002928582;8.72;14.4793566230786;2.94787720841359;0.29536299369818;"Latvia"
12.3265399419995;9.79060051099695;83.57717486;74.7829268292683;14.020995917037;7.41;14.4715652391167;3.89257047226215;0.313946329039064;"Latvia"
12.4698297088337;9.79162535843907;86.13545644;75.3878048780488;14.0078674254989;6.31;14.4646128477153;4.25589850087644;0.30549318217629;"Latvia"
12.4744888675953;9.80345740006921;88.89796078;75.1853658536585;13.9947649157088;8.1;14.457600732008;2.07082155607836;0.296761511171744;"Latvia"
12.5097084034781;9.94895784236935;91.17964988;72.9804878048781;13.983294453174;7.51;14.4491677852279;3.77323708612343;0.316607229322946;"Latvia"
11.4200450808201;9.73420506014704;77.61525651;75.4804878048781;14.4320142469639;7.07;14.855222799382;4.24343178964807;0.289734132656915;"Lithuania"
12.5176209892464;9.86195486759989;79.72258277;75.6804878048781;14.4175452361316;6.15;14.8456808947899;3.52717427534756;0.29683510500423;"Lithuania"
12.8026346388091;9.88407785442906;81.58186838;76.2829268292683;14.4099053410806;6.26;14.8430338512405;2.77156306285475;0.301645664852003;"Lithuania"
11.8991868224198;9.92240036164718;83.05554724;74.9780487804878;14.4049491909488;8.49;14.8433015188233;1.89196476010981;0.322535504430121;"Lithuania"
12.1360478489345;10.0795233829521;86.93054425;74.0365853658537;14.4026887044233;7.11;14.8454295731186;6.54727551776691;0.300827139872142;"Lithuania"
4.87252199196662;11.6099905930174;97.36296032;82.0951219512195;12.9352190095305;5.52;13.2985595455847;2.14290399690169;0.0826113749314199;"Luxembourg"
8.42123940454131;11.6681028602991;97.06129871;82.2951219512195;12.9547018355491;5.59;13.3178479207246;2.11133910459871;0.134538213673383;"Luxembourg"
10.5150813432499;11.6327192747563;97.12063569;82.6390243902439;12.974072163992;5.59;13.3374763699232;0.900736076793322;0.207879560221162;"Luxembourg"
9.43766875465613;11.6691200864978;98.45962893;82.1439024390244;12.9897344345923;6.77;13.3541399566655;4.3010148081047;0.155715122683128;"Luxembourg"
9.82347363611479;11.803441974876;98.66086333;82.5975609756098;13.0031923789731;5.25;13.3693234503362;4.64389231812459;0.179358011772695;"Luxembourg"
13.93394149924;9.20830875692556;80.14047901;75.476;16.9147838629181;3.41;17.2804901123046;3.77896094306453;0.298214434949873;"Malaysia"
14.724849675258;9.31235339838067;81.20104862;75.644;16.9299608965651;3.3;17.2936464805094;0.624674674586643;0.326650266878521;"Malaysia"
14.726335793185;9.31758835211647;84.18714501;75.76;16.9439354537232;3.26;17.30606162682;0.0718269093121364;0.3288073033038;"Malaysia"
13.8545308952744;9.22664123122057;89.55501192;75.938;16.9572508784785;4.54;17.3180602230433;-0.818007729183023;0.32818801263759;"Malaysia"
15.1360875113328;9.31781471767396;96.7514278;74.884;16.9695495772125;4.083;17.3292587629534;5.70751569365426;0.356742604590378;"Malaysia"
9.13240585716827;10.2685883856479;81.01191108;82.3463414634146;12.6667264510822;4;13.0562214381454;2.13678435740914;0.299629033098251;"Malta"
10.8823725416912;10.3667775969598;81.65804429;82.4487804878049;12.7024747486304;3.66;13.0911409921756;1.73279776847993;0.283670618850095;"Malta"
10.5590974421921;10.3649235553454;85.77859638;82.8585365853659;12.7430249750344;3.62;13.1304545553607;2.29750730515386;0.279012552892462;"Malta"
8.97444333965186;10.2954497777601;86.85876183;82.3487804878049;12.7663139520737;4.35;13.1525666321359;1.69156767935112;0.231477438805342;"Malta"
9.29320248600111;10.4597058977695;87.46977522;82.5073170731707;12.7730838767801;3.39;13.1587647352926;1.97808179366092;0.292591871589871;"Malta"
13.2511710181598;9.17919330851454;53.03178861;74.138;18.20952548257;3.42;18.6263872131409;6.56759494838649;0.24448524770213;"Mexico"
13.1308528000664;9.2232882550294;56.6595668;74.015;18.2224626439731;3.27;18.6359038995802;5.20449996518977;0.263216359392631;"Mexico"
13.6660138117683;9.25288041286588;69.63210927;74.202;18.2347346825703;3.48;18.6445065504776;4.28758053550031;0.281424668330849;"Mexico"
13.7861746471806;9.09323230660519;71.49017499;70.133;18.2459432116047;4.44;18.6517789886345;4.84133265906684;0.306513802511273;"Mexico"
14.3207350063945;9.24562545285018;75.62650476;70.213;18.2555996643613;4.09;18.6573731969553;4.40704438422156;0.315484069987446;"Mexico"
10.2227315167927;8.14756462190192;49.9;70.516;14.4554083216496;1.62;14.8289966007569;6.25246649143298;0.131223318842489;"Moldova, Republic of"
11.0787180766756;8.33253871553499;50.3;70.492;14.4279123256779;1.24;14.8114265565495;3.21103213223728;0.131378982411039;"Moldova, Republic of"
9.48365218506601;8.39048428348197;57.76048611;70.935;14.4026870367407;1.5;14.7954233911916;5.35171200346649;0.155628198809429;"Moldova, Republic of"
11.4940278240503;8.38394575691371;59.15294877;70.166;14.3838963481902;1.21;14.784443074604;5.57500940096507;0.168075769729632;"Moldova, Republic of"
12.9712021513707;8.57068558697486;61.28776161;68.846;14.36276106712;0.79;14.769408779369;6.38172855134019;0.187725098794255;"Moldova, Republic of"
10.3771398298625;8.21831486655598;23.71426517;70.237;14.5243214200325;6.36;14.9456312035673;10.8004464117482;0.225303018930559;"Mongolia"
10.7776258218765;8.33447703382217;47.13000188;71.199;14.5346996842575;5.38;14.967344763365;7.96061586470999;0.20341099145223;"Mongolia"
11.0878352378104;8.38821078511988;51.07999408;71.822;14.5444683168484;5.736;14.9887447343279;9.97221325666415;0.222313780722653;"Mongolia"
12.0164635389328;8.30429055884027;65.63058022;72.141;14.554178277576;6.59;15.0077148846093;3.70672176955705;0.284964510046886;"Mongolia"
13.3581214302875;8.42642351656446;81.60682285;70.975;14.5641529923021;7.75;15.0238085949709;14.4200654807454;0.305180104611113;"Mongolia"
9.50960757687838;8.09818762938905;61.76221201;73.66;16.9707264942509;9.687;17.3858349128324;-0.0608910142931904;0.147530985444269;"Morocco"
10.2628839399859;8.15842251222108;64.80386519;73.986;16.980370226925;9.729;17.3970138831026;0.939181637531973;0.147436185008326;"Morocco"
10.5602997920941;8.1601132408082;84.12036305;74.27;16.9892717296891;9.668;17.4074497243696;0.816805456485284;0.189334849055477;"Morocco"
11.6084134471486;8.08895136493261;84.12036305;73.92;16.998778438165;11.726;17.4179813261611;0.142417962079094;0.217257646742023;"Morocco"
12.2714905143033;8.23417354025817;88.13031937;74.042;17.0087680168646;11.219;17.4284961692833;2.39453714272777;0.225597526862584;"Morocco"
13.861130521401;10.7929253979757;93.19727891;81.7609756097561;16.2293351017626;4.84;16.656417524181;1.26070715808579;0.334534963721242;"Netherlands"
14.4952415374256;10.8788870743616;91.89189189;81.8121951219512;16.2328942375737;3.83;16.6622568582702;2.43709074520527;0.350356527139264;"Netherlands"
14.9941372123658;10.8681164083932;93.2885906;82.1121951219512;16.2369772829367;3.38;16.6688075740183;3.03273379248688;0.371982767604051;"Netherlands"
14.1757381806598;10.8621204690646;91.33333333;81.3585365853659;16.2397678252126;3.82;16.6743629819208;1.92857201636885;0.365309900515072;"Netherlands"
14.2031041306176;10.9806696895099;92.05298013;81.309756097561;16.2418044721931;4.21;16.6795978870025;2.92451387658699;0.366536544900539;"Netherlands"
12.0862655002453;10.6668828492795;87.7;81.8585365853659;14.962340783619;4.74;15.3869558028883;3.51715584280763;0.280594041397446;"New Zealand"
12.5089601398922;10.6744492685213;89;81.7073170731707;14.9800719349521;4.34;15.4048682045642;1.75240141778292;0.284457262242306;"New Zealand"
13.5564182099355;10.6642099804715;89.86372003;82.0560975609756;14.996485323099;4.11;15.4207797935262;3.10008899782621;0.299279321709707;"New Zealand"
12.5352267052112;10.639708465367;92.8650738;82.2560975609756;15.017467331465;4.6;15.4428276804856;2.01134373473306;0.282943508978507;"New Zealand"
12.3123984751225;10.8197066952995;95.91020269;82.2073170731707;15.0189830371485;3.78;15.446983897259;4.80486674681298;0.283681698888251;"New Zealand"
9.11504789201521;7.66260077197632;30.4;73.554;15.2370231618749;3.3;15.684313163724;4.12440824016032;0;"Nicaragua"
8.24351395339413;7.59179025252507;37.6;73.85;15.2542602630305;5.2;15.6983642109497;2.65737586907213;0;"Nicaragua"
8.93113295464477;7.55257231191411;44.91635601;74.054;15.2710723195513;5.492;15.712219058202;5.3954978400473;0.102432247569382;"Nicaragua"
9.63173525809469;7.53722083955278;53.4046527;71.795;15.2880335314602;6.276;15.7259260150484;5.37534937877531;0.102342966060886;"Nicaragua"
10.3654508195269;7.63285124153251;57.14684935;73.837;15.3054135260457;6.273;15.7398380392481;3.55506448208635;0.10225250783527;"Nicaragua"
11.2659567091335;8.60346208873376;74.51682418;75.9536585365854;14.1873237384105;22.81;14.5452316828423;2.80702703539038;0.110650551845978;"North Macedonia"
10.4846551373584;8.71747567578846;79.16775519;76.6487804878049;14.1859210360643;21.2;14.5460580457436;3.92615528936682;0.158296157333692;"North Macedonia"
11.6608011840607;8.71117781176017;81.41288276;76.6024390243903;14.1827703838613;17.39;14.5462877641277;0.86816868476069;0.21249699603641;"North Macedonia"
11.6714853527946;8.69373981063646;81.40553811;74.3951219512195;14.1774646426859;16.55;14.5442811236602;2.91014637143618;0.218508828544161;"North Macedonia"
12.7869258572793;8.82152039360207;83.01821027;73.2463414634146;14.1720241888928;15.78;14.540685335443;3.30160849137073;0.231577518686735;"North Macedonia"
13.5269016694845;11.2402218322193;96.3576013;82.609756097561;15.0547432609947;4.16;15.4788622483179;4.08094934122931;0.331794311148959;"Norway"
13.9313770916367;11.3240968959527;96.49165799;82.7585365853659;15.0588844437915;3.8;15.4854631567604;6.74295724699287;0.351173177958784;"Norway"
15.0970147379769;11.2441382739162;98.00000439;82.9585365853659;15.0639786021768;3.69;15.4922137704928;-0.548467415755809;0.35509826368538;"Norway"
14.1585965184754;11.1322507905708;94.60755647;83.209756097561;15.068224382395;4.42;15.4981013437333;-2.51726059053333;0.356524506878775;"Norway"
14.0690944335449;11.4411382555832;99.0000036;83.1634146341463;15.0716711764756;4.37;15.503449066552;20.2134754838135;0.355885511203334;"Norway"
12.5366766261394;7.35732697332294;13.78;66.297;18.6459097432076;3.187;19.1925450848052;4.02974599325579;0.144461753768907;"Pakistan"
13.7059379282405;7.39063971300243;15.34;66.482;18.664817491985;4.08;19.2079168088388;3.84178663274797;0.218121245719811;"Pakistan"
13.3662715245471;7.27042828169794;17.07090172;66.756;18.684544191775;4.83;19.2239966223137;9.03633484170507;0.242091196830298;"Pakistan"
11.9164601777303;7.18713910507445;18.93481469;66.269;18.7060965979698;6.215;19.2413269005182;9.9444982105729;0.254934329830772;"Pakistan"
13.3618844814515;7.31728431351641;21.0372074;66.098;18.7292934836945;6.34;19.2596675213423;10.2673420806694;0.23698997848275;"Pakistan"
8.60468012197901;9.62812741766699;59.9506309;77.795;14.7909392541859;5.392;15.2255368264426;1.72914754757869;0.0910506064201479;"Panama"
10.3604376033328;9.69005137471483;61.80553132;77.863;14.8085834260831;5.218;15.2422880561987;4.33991225461273;0.127665225973993;"Panama"
7.19931233398218;9.70946774203267;63.62841477;77.81;14.8256893680263;6.33;15.2583109535043;0.315250866507228;0.144001821959959;"Panama"
8.17320034577565;9.49501792501414;65.54188027;76.657;14.8413840393087;14.183;15.2728214748734;-0.550968761620453;0.105379213335396;"Panama"
8.46379241468912;9.64803319665446;67.509728;76.223;14.8556017400424;10.451;15.2859776250235;1.93531285972315;0.0906905920659271;"Panama"
4.72295322164447;8.72193784454941;61.07575622;73.644;15.2230875780439;6.14;15.6648160325756;2.15920929174615;0;"Paraguay"
4.00624168066713;8.73920994079616;64.99354302;73.568;15.2388552498144;6.22;15.6785557347871;1.96024819846549;0;"Paraguay"
9.36905462285469;8.66696380027917;68.51762842;73.621;15.2539321281682;6.59;15.691921482868;3.06187945458328;0.180552352823677;"Paraguay"
8.28681100427833;8.58547745061518;73.95751114;73.182;15.2689269750198;7.55;15.7054087785712;2.20392146778615;0.0882685946392801;"Paraguay"
9.46642883086132;8.69273209693762;77.01838621;70.262;15.283558393331;7.31;15.7181849385943;8.44812602664209;0.152555481575394;"Paraguay"
12.9045773986337;8.80632053786859;50.45041218;75.879;16.8246858676501;3.69;17.268841271084;3.61565826105974;0.268386796512532;"Peru"
12.21862942812;8.84102935487478;55.05433424;76.009;16.8485203598333;3.49;17.2875994874861;2.27741531762133;0.270837557898855;"Peru"
13.8085244921332;8.84734274256159;59.9505036;76.156;16.872818953456;3.38;17.3066967435669;1.87221626775495;0.279445695421293;"Peru"
12.7177931487721;8.71006340214304;65.25179796;73.665;16.8915440749993;7.18;17.3212107675753;3.92189761539879;0.281458229948183;"Peru"
14.1686909189545;8.80018389881723;71.10782643;72.377;16.9080436724623;5.1;17.3334673700962;8.45148567883973;0.298946739256089;"Peru"
14.641974341208;8.03185154796843;41.6;71.516;18.0279597337607;2.55;18.4858924853013;2.32025994680146;0.277503437770289;"Philippines"
14.337724673973;8.06923992066345;44.1;71.689;18.048221712702;2.34;18.5028949629569;3.74065383086987;0.299692424108828;"Philippines"
15.0550557292763;8.13559568571136;43.02661187;71.865;18.0677408730784;2.24;18.5194467998774;0.697076301045342;0.311135178336879;"Philippines"
13.7788275381418;8.07850923994641;47.11190815;72.119;18.0868702058666;2.52;18.5357131289243;1.6504901854719;0.30948754210743;"Philippines"
15.053723834026;8.14917974656463;52.67573808;69.266;18.1049503698784;3.4;18.5506587005948;2.28247845864303;0.341500232080435;"Philippines"
14.7159108671604;9.53354642536547;75.98536595;77.7536585365854;17.070129131797;4.89;17.4524340244738;1.76210628965667;0.368043045143509;"Poland"
14.9488604615986;9.64888615977028;77.54173454;77.6024390243903;17.0599667963329;3.85;17.452432023146;1.22964095424449;0.362171202607624;"Poland"
14.9359073616322;9.6614168562834;80.43590688;77.9048780487805;17.0498370836304;3.28;17.452187752075;3.03253664890715;0.3603969691514;"Poland"
14.5046266696723;9.66882923516287;83.18488715;76.5;17.0391243011504;3.16;17.450437131493;4.25503894138546;0.366481455445826;"Poland"
15.0924836198689;9.80091644530967;85.37490906;75.5024390243902;17.0277850418473;3.36;17.4464198453266;5.26096004030063;0.369001302663302;"Poland"
12.2385796219043;9.97536299237294;73.79121395;81.4243902439025;15.7127535852801;8.87;16.1476835789893;1.51191039440322;0.329342593804844;"Portugal"
12.4910683378919;10.0674140581535;74.66096815;81.3243902439024;15.7079368948982;6.99;16.1460825387778;1.8129967517081;0.326262308297482;"Portugal"
13.0902275899869;10.0575303960749;75.34637794;81.6756097560976;15.7055000310676;6.46;16.1463198737243;1.74945223999291;0.339693315652462;"Portugal"
13.1977843628929;10.009755944758;78.26166044;80.9756097560976;15.7043226274939;6.8;16.1473710149768;2.00347512182442;0.337845777513742;"Portugal"
13.3587296499522;10.1129850784162;82.30902804;81.3780487804878;15.7088517120539;6.58;16.1536395166311;1.90059418094546;0.331015652863388;"Portugal"
12.2816297849907;9.28060970901062;63.74728218;75.209756097561;16.383625054929;4.93;16.7904641930781;4.65196859673524;0.255529531036857;"Romania"
12.3795430209348;9.43303771006927;70.68127793;75.3585365853659;16.3705864870002;4.19;16.7845892600041;6.21227261174357;0.27554876331142;"Romania"
13.8771006523855;9.46946856865227;73.65747575;75.6073170731707;16.3587203920184;3.91;16.7793211117847;6.80532496653751;0.27621671683573;"Romania"
12.4995833608919;9.47634850152694;78.45526895;74.2536585365854;16.3475738956684;5.03;16.7738135128593;4.10931518447222;0.281301498176175;"Romania"
12.7705022001061;9.61224079872895;83.5904265;72.809756097561;16.3363327050773;5.59;16.7663531480741;5.445500855711;0.29558169351637;"Romania"
15.1436236623187;9.2798974072095;76.00813853;72.4514634146342;18.4076531724471;5.21;18.7887674977881;5.34981508767618;0.346099873058793;"Russian Federation"
15.7897501311392;9.33143830658456;80.86472187;72.6621951219512;18.4008109097979;4.85;18.7886368288631;9.99797671148308;0.361751827989648;"Russian Federation"
15.6126888852916;9.35325029244427;82.64216187;73.0839024390244;18.3940931044321;4.5;18.7881411422088;3.26313281881684;0.361880178065315;"Russian Federation"
15.3995542369296;9.22959789055603;84.99466978;71.3387804878049;18.385554974262;5.59;18.78583163832;0.898246027195242;0.363790588055382;"Russian Federation"
16.9510442105071;9.43604470419043;88.21384578;69.900243902439;18.381069006359;4.72;18.7862295722568;18.9905167887065;0.373688114547435;"Russian Federation"
12.1011900711958;9.94800588932462;94.17559961;77.16;17.0047729618994;5.89;17.3475350706962;7.43145779660462;0.152128663747348;"Saudi Arabia"
13.5801441863977;10.0930984488416;93.31000185;77.212;17.034369622692;6.03;17.3713765710079;15.2215071750875;0.206288714300101;"Saudi Arabia"
13.5755221503335;10.0607351220284;95.7247356;77.304;17.0618630577856;5.64;17.3942224611171;-1.76482099351951;0.277119691689597;"Saudi Arabia"
13.7516850838816;9.9231951256626;97.8623325;76.239;17.0643473178;7.45;17.3989491320801;-8.46317825419615;0.30423129492141;"Saudi Arabia"
14.9168643552611;10.0988741615926;100;76.936;17.0582473130856;6.62;17.3976506573697;14.1141562510742;0.332271502034304;"Saudi Arabia"
13.0031737229234;11.0213287313463;84.45226789;83.0951219512195;15.2833874406356;4.2;15.5404628011555;2.87515298539518;0.329333423199996;"Singapore"
13.4807143480253;11.1100049465744;88.16563603;83.2975609756098;15.2776683673448;3.606;15.5451598441427;3.53465075505316;0.345186287488946;"Singapore"
13.14994589799;11.0984774331261;88.94925269;83.5951219512195;15.276846294767;3.1;15.5566026772116;-0.201648173263933;0.347001386711854;"Singapore"
13.4429813829722;11.0231107522747;92.00434653;83.5439024390244;15.2617128135247;4.1;15.5534836275991;-2.6964548484051;0.342239083319761;"Singapore"
13.9944796348052;11.2607403765402;96.92468156;83.0926829268293;15.2090642562217;4.64;15.5117802645973;8.78436557494857;0.363258730271572;"Singapore"
13.0508034209152;9.77481274770328;81.62566752;77.1658536585366;15.140958772733;8.14;15.5091484323952;1.21580198812519;0.275751188897196;"Slovakia"
13.1119530171539;9.87747174123755;80.44892248;77.2658536585366;15.1326731986724;6.54;15.5105335139913;2.03478779529047;0.282519400813716;"Slovakia"
12.924906383578;9.87209443212524;82.8536605;77.6658536585366;15.1246962570526;5.76;15.5118867947197;2.49431822113719;0.268109427202329;"Slovakia"
12.3343516057507;9.88083752182089;89.92090413;76.8658536585366;15.1172375530651;6.72;15.5127444894759;2.37079752983892;0.292874983234092;"Slovakia"
12.5760018326256;9.98820311022672;88.92560523;74.6146341463415;15.108507462393;6.89;15.5106209013998;2.38609864044422;0.300049906431375;"Slovakia"
11.0461076356706;10.0653523502039;78.88542636;81.0292682926829;14.1286754185404;6.57;14.541312713546;1.4640640238877;0.224057937698183;"Slovenia"
11.9762096316075;10.1706000312862;79.7499766;81.3780487804878;14.1240035727212;5.13;14.5449385574973;2.1125914748453;0.238277796025015;"Slovenia"
13.0708690312283;10.1674830376397;83.1083578;81.5292682926829;14.123011434052;4.45;14.5519015979607;2.29485081978052;0.270193253181106;"Slovenia"
13.068151596797;10.1487224455092;86.60130109;80.5317073170732;14.1231349538366;4.99;14.5585991445223;1.12405804947954;0.231292571253562;"Slovenia"
13.4146736432272;10.2864024620629;89.00399524;80.6756097560976;14.1198424988693;4.74;14.561287664222;2.6764676910453;0.223750578462015;"Slovenia"
12.4147533117159;8.81499515754442;56.16739447;65.402;17.4318193998885;23.99;17.8522473524609;5.47332197549193;0.291195664536276;"South Africa"
12.4749706722554;8.86329380676472;62.4;65.674;17.4408381240581;24.22;17.8645026528603;3.99329508557696;0.277411980277423;"South Africa"
11.6906373301089;8.81023984125673;69.69687508;66.175;17.4513470827085;25.54;17.8774533914896;4.61352468937162;0.254135456699488;"South Africa"
11.7478591585966;8.65748829499808;70.32030996;65.252;17.4628911218491;24.34;17.8896851844407;5.25956789710091;0.247004939563711;"South Africa"
12.5125031133002;8.86412662612936;72.310492;62.341;17.4743367273504;28.77;17.8996743886263;6.50012837673914;0.294299105374262;"South Africa"
13.393350023607;10.2465566025155;84.6022457;83.2829268292683;17.2402892683028;17.22;17.656965938346;1.29921183318382;0.329451344034712;"Spain"
13.90757501246;10.3215305961419;86.10723553;83.4317073170732;17.2434857587755;15.25;17.6613457682833;1.24555241777706;0.343336532121868;"Spain"
14.4804545513213;10.2949050720441;90.71866533;83.8317073170732;17.2509992475595;14.1;17.6685229246543;1.44735843001939;0.356193854216573;"Spain"
14.2752965962085;10.203010356411;93.20564892;82.3317073170732;17.2568595014569;15.53;17.6734079459727;1.13764340211205;0.362328206167732;"Spain"
14.6793702958845;10.3251153692733;93.89752157;83.2292682926829;17.25880208462;14.78;17.6744659379153;2.65632420170878;0.351615042867609;"Spain"
8.20614695692612;8.38667483354012;32.25;75.403;16.4651269440128;4.05;16.8838803266218;5.47284529470402;0.164215137077706;"Sri Lanka"
5.65298028772582;8.38036144081226;46.9;75.748;16.4711958029353;4.32;16.8914393735125;4.29530620201848;0;"Sri Lanka"
5.34710753071747;8.31451235554976;50.68732735;76.008;16.4763003741878;4.67;16.8975581329702;3.8705276117724;0;"Sri Lanka"
8.1605182474775;8.25644877794714;36.18473435;76.393;16.4814194223748;5.36;16.9028643985655;3.27090210538623;0.0820153512701399;"Sri Lanka"
9.21622999405237;8.29319227141964;44.45308724;76.399;16.4924617593295;5.306;16.9136188981351;8.49611863641124;0.129908601498552;"Sri Lanka"
15.3916054571938;10.892870903393;93.00626697;82.409756097561;15.6550018537422;6.72;16.1238488694132;2.13515182451252;0.400253379398461;"Sweden"
15.6885572140265;10.9075887824287;89.24696316;82.5585365853659;15.66400174816;6.36;16.1354653210128;2.39692033450507;0.391508057627604;"Sweden"
15.7718750395554;10.8578335060369;94.49344341;83.109756097561;15.6722011275106;6.83;16.1456025436473;2.54687548145611;0.395892138191372;"Sweden"
14.8836706494324;10.8749840905106;94.53943122;82.3560975609756;15.6783732037517;8.29;16.1528295827762;1.99404592785966;0.391421528192748;"Sweden"
15.1325045878363;11.0254530348425;94.6703163;83.0560975609756;15.6837258481336;8.72;16.1588354981046;2.58588540084175;0.381420728291813;"Sweden"
11.5765757167133;11.3175718821294;89.68614767;83.5512195121951;15.5477565482446;4.8;15.9498947271082;-0.367869216813958;0.273948381931372;"Switzerland"
13.135943863738;11.3529605553174;91.8;83.7536585365854;15.5514339739422;4.71;15.95726106686;0.764289197175742;0.301567063120021;"Switzerland"
13.7508730985991;11.340022585217;93.14608695;83.9048780487805;15.5549850131432;4.39;15.9643942035444;-0.103895158007788;0.32666042263296;"Switzerland"
12.6176278049067;11.3609133140871;94.34995199;83;15.559429012438;4.82;15.9717009654949;-0.699187622738137;0.320815171187654;"Switzerland"
13.0896341107478;11.4451436575479;95.56937168;83.7512195121951;15.5633703849023;5.1;15.9793559758898;1.24619196669597;0.316423628898269;"Switzerland"
13.6410780367361;8.76978519478531;52.89192934;78.394;17.7361336365231;0.83;18.0767556315193;1.8999449899777;0.319274168483349;"Thailand"
14.5078375222388;8.87130308187425;56.81748093;78.662;17.7349336947543;0.77;18.0799888450654;1.42858616420727;0.339116718601104;"Thailand"
14.7540262397644;8.93965647947921;66.65241946;78.975;17.7324710738012;0.72;18.0825157574381;1.01442340642497;0.356109208335755;"Thailand"
15.0005343198268;8.85392046126141;77.84374066;79.274;17.7293870246714;1.1;18.084867586091;-1.28194431763421;0.367223157046961;"Thailand"
15.4606596728013;8.86232747636484;85.26956666;78.715;17.7254796555671;1.21;18.0866210368401;1.70981299302815;0.374099269337179;"Thailand"
6.38814114918307;9.69638643851457;70.6;74.23;13.8573192655231;3.388;14.206610986302;8.21364613651437;0;"Trinidad and Tobago"
6.29780889101495;9.70064447592993;74.78248901;73.802;13.8739049299154;3.49;14.2241100819878;2.68702738412125;0;"Trinidad and Tobago"
4.27666611901606;9.65774088455332;78.96497802;74.228;13.8808009838506;3.52;14.2341912871211;-3.81226150744531;0;"Trinidad and Tobago"
7.43735947646862;9.52558169272127;78.67115844;74.406;13.8734794210792;4.21;14.2330010701939;-3.79186277770222;0;"Trinidad and Tobago"
7.44544676188269;9.68385670201618;79;72.971;13.8755345288378;4.45;14.2379396276438;19.0933843842093;0.0771609037121556;"Trinidad and Tobago"
8.88397429565026;8.18024211504385;55.50015506;75.845;15.8904355403285;15.33;16.2845793652989;4.71388568160486;0.152592621156867;"Tunisia"
10.806615230284;8.18232875736057;64.19081023;75.95;15.8950950894206;15.46;16.2948216651961;7.92485472786552;0.180697833929379;"Tunisia"
11.9224899591021;8.15416559228581;66.6999983;75.993;15.8999415068251;17.15;16.3045182868198;7.13476112863445;0.177274281094994;"Tunisia"
10.5009659890153;8.15986632833579;72.80748713;75.292;15.9054062639479;18.629;16.3138041185436;6.69535705466193;0.206407763972042;"Tunisia"
10.5697883214949;8.24464511585629;78.98965145;73.772;15.9108654332372;18.524;16.3220927532443;4.45368707394979;0.173581500049561;"Tunisia"
13.119531531511;9.27758306444117;64.68461768;77.141;17.8232746321689;10.82;18.2014382984204;10.9824216683285;0.277089372511673;"Turkey"
14.10139242602;9.16626686676782;71.04276084;77.563;17.8344427412537;10.89;18.2149743282853;16.5122794615027;0.29484741132947;"Turkey"
13.5720191357356;9.12863571212051;73.97670229;77.832;17.8457665067141;13.67;18.2292712970962;13.8677352522894;0.29119472802222;"Turkey"
13.7039089068748;9.06401191742107;77.6695605;75.85;17.8548826800699;13.11;18.2389751574098;14.7893757412251;0.305508066329813;"Turkey"
14.6931787123264;9.18432623247339;81.40843745;76.032;17.8644847244376;11.98;18.2480796064354;28.9730164131403;0.341647497171139;"Turkey"
14.8642202794721;7.8778996916475;58.88947945;71.7809756097561;17.2359851020928;9.5;17.6184134336786;22.0983174978017;0.292494645666957;"Ukraine"
14.7925746817645;8.03804790425322;62.55315539;71.5826829268293;17.2269962661579;8.8;17.6137491774697;15.3985303514156;0.303304776180097;"Ukraine"
14.1484503413841;8.20561664318179;70.1248443;71.8273170731707;17.2180345259882;8.19;17.6084392358685;8.24622626642469;0.324675436864421;"Ukraine"
14.1020302250847;8.22997429293283;75.03790912;71.1851219512195;17.2093980876386;9.48;17.6026968111672;10.2949442779935;0.312755005383026;"Ukraine"
16.1651600449379;8.48215562295052;79.21829353;69.6478048780488;17.2008163343035;9.83;17.5956670925875;24.8047508277652;0.333081217814972;"Ukraine"
14.8871006331277;10.6108364467332;90.42455049;81.2560975609756;17.5594643654943;4.33;18.0060567056009;1.85654104667935;0.362134876845656;"United Kingdom"
15.0129589273783;10.6736840598204;90.69200899;81.2560975609756;17.5622210177331;4;18.0121159969231;1.92205239358366;0.375774462745236;"United Kingdom"
15.7928420745798;10.6610764223744;92.51662855;81.4048780487805;17.5651252630691;3.74;18.0177573080571;2.11573274293868;0.384212295299386;"United Kingdom"
15.4290051091021;10.6020452948652;94.81820132;80.3512195121951;17.5671135355411;4.472;18.0214148906952;5.08362342906076;0.379697339179035;"United Kingdom"
15.7329151289855;10.755127950268;96.68023657;80.7;17.5652470304179;4.826;18.0205955182899;-0.120427085491656;0.385180947434476;"United Kingdom"
16.5601010941111;11.0005612291623;87.27488917;78.5390243902439;19.1823425569946;4.36;19.5997114481685;1.89961013996167;0.415654540310316;"United States"
17.2409094817427;11.048081452988;88.49890317;78.6390243902439;19.1847718201799;3.9;19.6049758021241;2.40405859264381;0.428070408960171;"United States"
17.6540473257679;11.0839930612057;89.43028486;78.7878048780488;19.1859865683166;3.67;19.6095296149838;1.79393050089551;0.445954909822621;"United States"
17.0658551517705;11.0592460171422;90.62047017;76.9804878048781;19.1924626475944;8.05;19.6191730939857;1.30491207120562;0.440517628312274;"United States"
17.2874810468419;11.1593809369359;91.75320833;76.3292682926829;19.191157999399;5.35;19.6207405645332;4.4927922357685;0.435637399266313;"United States"
10.0411817063354;9.8519519666697;70.3223544;77.625;14.6044868745566;7.89;15.04579417708;5.68018391620799;0.175401663651325;"Uruguay"
10.5781387317922;9.85356436214311;80.72684288;77.611;14.6083768211806;8.34;15.0472080563988;7.30210249067585;0.199088911532665;"Uruguay"
11.2866404845304;9.80357669098024;83.35153377;77.508;14.6116343649747;8.73;15.0476068631347;8.38584775298929;0.213912807142388;"Uruguay"
10.3945136530011;9.65825809982004;86.31019103;78.43;14.6149424769566;10.33;15.0478043113289;9.95751211134611;0.192079302607632;"Uruguay"
12.5570741408524;9.79389561551748;90.07384089;75.436;14.6178076154752;9.29;15.0469798452377;12.6808825148184;0.257274286981457;"Uruguay"
8.16399220628901;7.55839395262152;48.69999885;71.01;16.8874359853118;5.83;17.2933170669963;19.0618147140611;0.0635281412126984;"Uzbekistan"
8.91336054236536;7.38041702328617;55.20000067;71.149;16.8993988448284;5.379;17.3106869307618;26.9223953823195;0.092973659501291;"Uzbekistan"
11.5495845345297;7.4928727004307;70.39999865;71.344;16.911340532831;4.92;17.3294516324301;17.8148511042514;0.175684868875247;"Uzbekistan"
11.8781355011605;7.47267552794803;71.09999824;70.331;16.9234495483683;5.29;17.3486728976994;11.4424248275654;0.169721280499611;"Uzbekistan"
12.0998002142036;7.59760928191621;76.59043014;70.862;16.9368345443878;5.419;17.3684299583567;13.5439011261899;0.119725360707076;"Uzbekistan"
